"STATION","LATITUDE","LONGITUDE","ELEVATION","NAME","month","day","hour","ANN-TAVG-NORMAL","meas_flag_ANN-TAVG-NORMAL","comp_flag_ANN-TAVG-NORMAL","years_ANN-TAVG-NORMAL","ANN-TMIN-NORMAL","meas_flag_ANN-TMIN-NORMAL","comp_flag_ANN-TMIN-NORMAL","years_ANN-TMIN-NORMAL","ANN-TMAX-NORMAL","meas_flag_ANN-TMAX-NORMAL","comp_flag_ANN-TMAX-NORMAL","years_ANN-TMAX-NORMAL","ANN-DUTR-NORMAL","meas_flag_ANN-DUTR-NORMAL","comp_flag_ANN-DUTR-NORMAL","years_ANN-DUTR-NORMAL","ANN-TMIN-AVGNDS-LSTH000","meas_flag_ANN-TMIN-AVGNDS-LSTH000","comp_flag_ANN-TMIN-AVGNDS-LSTH000","years_ANN-TMIN-AVGNDS-LSTH000","ANN-TMIN-AVGNDS-LSTH010","meas_flag_ANN-TMIN-AVGNDS-LSTH010","comp_flag_ANN-TMIN-AVGNDS-LSTH010","years_ANN-TMIN-AVGNDS-LSTH010","ANN-TMIN-AVGNDS-LSTH020","meas_flag_ANN-TMIN-AVGNDS-LSTH020","comp_flag_ANN-TMIN-AVGNDS-LSTH020","years_ANN-TMIN-AVGNDS-LSTH020","ANN-TMIN-AVGNDS-LSTH032","meas_flag_ANN-TMIN-AVGNDS-LSTH032","comp_flag_ANN-TMIN-AVGNDS-LSTH032","years_ANN-TMIN-AVGNDS-LSTH032","ANN-TMIN-AVGNDS-LSTH040","meas_flag_ANN-TMIN-AVGNDS-LSTH040","comp_flag_ANN-TMIN-AVGNDS-LSTH040","years_ANN-TMIN-AVGNDS-LSTH040","ANN-TMIN-AVGNDS-LSTH050","meas_flag_ANN-TMIN-AVGNDS-LSTH050","comp_flag_ANN-TMIN-AVGNDS-LSTH050","years_ANN-TMIN-AVGNDS-LSTH050","ANN-TMIN-AVGNDS-LSTH060","meas_flag_ANN-TMIN-AVGNDS-LSTH060","comp_flag_ANN-TMIN-AVGNDS-LSTH060","years_ANN-TMIN-AVGNDS-LSTH060","ANN-TMIN-AVGNDS-LSTH070","meas_flag_ANN-TMIN-AVGNDS-LSTH070","comp_flag_ANN-TMIN-AVGNDS-LSTH070","years_ANN-TMIN-AVGNDS-LSTH070","ANN-TMAX-AVGNDS-GRTH032","meas_flag_ANN-TMAX-AVGNDS-GRTH032","comp_flag_ANN-TMAX-AVGNDS-GRTH032","years_ANN-TMAX-AVGNDS-GRTH032","ANN-TMAX-AVGNDS-GRTH040","meas_flag_ANN-TMAX-AVGNDS-GRTH040","comp_flag_ANN-TMAX-AVGNDS-GRTH040","years_ANN-TMAX-AVGNDS-GRTH040","ANN-TMAX-AVGNDS-GRTH050","meas_flag_ANN-TMAX-AVGNDS-GRTH050","comp_flag_ANN-TMAX-AVGNDS-GRTH050","years_ANN-TMAX-AVGNDS-GRTH050","ANN-TMAX-AVGNDS-GRTH060","meas_flag_ANN-TMAX-AVGNDS-GRTH060","comp_flag_ANN-TMAX-AVGNDS-GRTH060","years_ANN-TMAX-AVGNDS-GRTH060","ANN-TMAX-AVGNDS-GRTH070","meas_flag_ANN-TMAX-AVGNDS-GRTH070","comp_flag_ANN-TMAX-AVGNDS-GRTH070","years_ANN-TMAX-AVGNDS-GRTH070","ANN-TMAX-AVGNDS-GRTH080","meas_flag_ANN-TMAX-AVGNDS-GRTH080","comp_flag_ANN-TMAX-AVGNDS-GRTH080","years_ANN-TMAX-AVGNDS-GRTH080","ANN-TMAX-AVGNDS-GRTH090","meas_flag_ANN-TMAX-AVGNDS-GRTH090","comp_flag_ANN-TMAX-AVGNDS-GRTH090","years_ANN-TMAX-AVGNDS-GRTH090","ANN-TMAX-AVGNDS-GRTH100","meas_flag_ANN-TMAX-AVGNDS-GRTH100","comp_flag_ANN-TMAX-AVGNDS-GRTH100","years_ANN-TMAX-AVGNDS-GRTH100","ANN-TMAX-AVGNDS-LSTH032","meas_flag_ANN-TMAX-AVGNDS-LSTH032","comp_flag_ANN-TMAX-AVGNDS-LSTH032","years_ANN-TMAX-AVGNDS-LSTH032","ANN-HTDD-NORMAL","meas_flag_ANN-HTDD-NORMAL","comp_flag_ANN-HTDD-NORMAL","years_ANN-HTDD-NORMAL","ANN-HTDD-BASE40","meas_flag_ANN-HTDD-BASE40","comp_flag_ANN-HTDD-BASE40","years_ANN-HTDD-BASE40","ANN-HTDD-BASE45","meas_flag_ANN-HTDD-BASE45","comp_flag_ANN-HTDD-BASE45","years_ANN-HTDD-BASE45","ANN-HTDD-BASE50","meas_flag_ANN-HTDD-BASE50","comp_flag_ANN-HTDD-BASE50","years_ANN-HTDD-BASE50","ANN-HTDD-BASE55","meas_flag_ANN-HTDD-BASE55","comp_flag_ANN-HTDD-BASE55","years_ANN-HTDD-BASE55","ANN-HTDD-BASE57","meas_flag_ANN-HTDD-BASE57","comp_flag_ANN-HTDD-BASE57","years_ANN-HTDD-BASE57","ANN-HTDD-BASE60","meas_flag_ANN-HTDD-BASE60","comp_flag_ANN-HTDD-BASE60","years_ANN-HTDD-BASE60","ANN-CLDD-NORMAL","meas_flag_ANN-CLDD-NORMAL","comp_flag_ANN-CLDD-NORMAL","years_ANN-CLDD-NORMAL","ANN-CLDD-BASE40","meas_flag_ANN-CLDD-BASE40","comp_flag_ANN-CLDD-BASE40","years_ANN-CLDD-BASE40","ANN-CLDD-BASE45","meas_flag_ANN-CLDD-BASE45","comp_flag_ANN-CLDD-BASE45","years_ANN-CLDD-BASE45","ANN-CLDD-BASE50","meas_flag_ANN-CLDD-BASE50","comp_flag_ANN-CLDD-BASE50","years_ANN-CLDD-BASE50","ANN-CLDD-BASE55","meas_flag_ANN-CLDD-BASE55","comp_flag_ANN-CLDD-BASE55","years_ANN-CLDD-BASE55","ANN-CLDD-BASE57","meas_flag_ANN-CLDD-BASE57","comp_flag_ANN-CLDD-BASE57","years_ANN-CLDD-BASE57","ANN-CLDD-BASE60","meas_flag_ANN-CLDD-BASE60","comp_flag_ANN-CLDD-BASE60","years_ANN-CLDD-BASE60","ANN-CLDD-BASE70","meas_flag_ANN-CLDD-BASE70","comp_flag_ANN-CLDD-BASE70","years_ANN-CLDD-BASE70","ANN-CLDD-BASE72","meas_flag_ANN-CLDD-BASE72","comp_flag_ANN-CLDD-BASE72","years_ANN-CLDD-BASE72","ANN-GRDD-BASE65","meas_flag_ANN-GRDD-BASE65","comp_flag_ANN-GRDD-BASE65","years_ANN-GRDD-BASE65","ANN-GRDD-BASE40","meas_flag_ANN-GRDD-BASE40","comp_flag_ANN-GRDD-BASE40","years_ANN-GRDD-BASE40","ANN-GRDD-BASE45","meas_flag_ANN-GRDD-BASE45","comp_flag_ANN-GRDD-BASE45","years_ANN-GRDD-BASE45","ANN-GRDD-BASE50","meas_flag_ANN-GRDD-BASE50","comp_flag_ANN-GRDD-BASE50","years_ANN-GRDD-BASE50","ANN-GRDD-BASE55","meas_flag_ANN-GRDD-BASE55","comp_flag_ANN-GRDD-BASE55","years_ANN-GRDD-BASE55","ANN-GRDD-BASE57","meas_flag_ANN-GRDD-BASE57","comp_flag_ANN-GRDD-BASE57","years_ANN-GRDD-BASE57","ANN-GRDD-BASE60","meas_flag_ANN-GRDD-BASE60","comp_flag_ANN-GRDD-BASE60","years_ANN-GRDD-BASE60","ANN-GRDD-BASE70","meas_flag_ANN-GRDD-BASE70","comp_flag_ANN-GRDD-BASE70","years_ANN-GRDD-BASE70","ANN-GRDD-BASE72","meas_flag_ANN-GRDD-BASE72","comp_flag_ANN-GRDD-BASE72","years_ANN-GRDD-BASE72","ANN-GRDD-TB4886","meas_flag_ANN-GRDD-TB4886","comp_flag_ANN-GRDD-TB4886","years_ANN-GRDD-TB4886","ANN-GRDD-TB5086","meas_flag_ANN-GRDD-TB5086","comp_flag_ANN-GRDD-TB5086","years_ANN-GRDD-TB5086","MAM-TAVG-NORMAL","meas_flag_MAM-TAVG-NORMAL","comp_flag_MAM-TAVG-NORMAL","years_MAM-TAVG-NORMAL","MAM-TMIN-NORMAL","meas_flag_MAM-TMIN-NORMAL","comp_flag_MAM-TMIN-NORMAL","years_MAM-TMIN-NORMAL","MAM-TMAX-NORMAL","meas_flag_MAM-TMAX-NORMAL","comp_flag_MAM-TMAX-NORMAL","years_MAM-TMAX-NORMAL","MAM-DUTR-NORMAL","meas_flag_MAM-DUTR-NORMAL","comp_flag_MAM-DUTR-NORMAL","years_MAM-DUTR-NORMAL","MAM-TMIN-AVGNDS-LSTH000","meas_flag_MAM-TMIN-AVGNDS-LSTH000","comp_flag_MAM-TMIN-AVGNDS-LSTH000","years_MAM-TMIN-AVGNDS-LSTH000","MAM-TMIN-AVGNDS-LSTH010","meas_flag_MAM-TMIN-AVGNDS-LSTH010","comp_flag_MAM-TMIN-AVGNDS-LSTH010","years_MAM-TMIN-AVGNDS-LSTH010","MAM-TMIN-AVGNDS-LSTH020","meas_flag_MAM-TMIN-AVGNDS-LSTH020","comp_flag_MAM-TMIN-AVGNDS-LSTH020","years_MAM-TMIN-AVGNDS-LSTH020","MAM-TMIN-AVGNDS-LSTH032","meas_flag_MAM-TMIN-AVGNDS-LSTH032","comp_flag_MAM-TMIN-AVGNDS-LSTH032","years_MAM-TMIN-AVGNDS-LSTH032","MAM-TMIN-AVGNDS-LSTH040","meas_flag_MAM-TMIN-AVGNDS-LSTH040","comp_flag_MAM-TMIN-AVGNDS-LSTH040","years_MAM-TMIN-AVGNDS-LSTH040","MAM-TMIN-AVGNDS-LSTH050","meas_flag_MAM-TMIN-AVGNDS-LSTH050","comp_flag_MAM-TMIN-AVGNDS-LSTH050","years_MAM-TMIN-AVGNDS-LSTH050","MAM-TMIN-AVGNDS-LSTH060","meas_flag_MAM-TMIN-AVGNDS-LSTH060","comp_flag_MAM-TMIN-AVGNDS-LSTH060","years_MAM-TMIN-AVGNDS-LSTH060","MAM-TMIN-AVGNDS-LSTH070","meas_flag_MAM-TMIN-AVGNDS-LSTH070","comp_flag_MAM-TMIN-AVGNDS-LSTH070","years_MAM-TMIN-AVGNDS-LSTH070","MAM-TMAX-AVGNDS-GRTH032","meas_flag_MAM-TMAX-AVGNDS-GRTH032","comp_flag_MAM-TMAX-AVGNDS-GRTH032","years_MAM-TMAX-AVGNDS-GRTH032","MAM-TMAX-AVGNDS-GRTH040","meas_flag_MAM-TMAX-AVGNDS-GRTH040","comp_flag_MAM-TMAX-AVGNDS-GRTH040","years_MAM-TMAX-AVGNDS-GRTH040","MAM-TMAX-AVGNDS-GRTH050","meas_flag_MAM-TMAX-AVGNDS-GRTH050","comp_flag_MAM-TMAX-AVGNDS-GRTH050","years_MAM-TMAX-AVGNDS-GRTH050","MAM-TMAX-AVGNDS-GRTH060","meas_flag_MAM-TMAX-AVGNDS-GRTH060","comp_flag_MAM-TMAX-AVGNDS-GRTH060","years_MAM-TMAX-AVGNDS-GRTH060","MAM-TMAX-AVGNDS-GRTH070","meas_flag_MAM-TMAX-AVGNDS-GRTH070","comp_flag_MAM-TMAX-AVGNDS-GRTH070","years_MAM-TMAX-AVGNDS-GRTH070","MAM-TMAX-AVGNDS-GRTH080","meas_flag_MAM-TMAX-AVGNDS-GRTH080","comp_flag_MAM-TMAX-AVGNDS-GRTH080","years_MAM-TMAX-AVGNDS-GRTH080","MAM-TMAX-AVGNDS-GRTH090","meas_flag_MAM-TMAX-AVGNDS-GRTH090","comp_flag_MAM-TMAX-AVGNDS-GRTH090","years_MAM-TMAX-AVGNDS-GRTH090","MAM-TMAX-AVGNDS-GRTH100","meas_flag_MAM-TMAX-AVGNDS-GRTH100","comp_flag_MAM-TMAX-AVGNDS-GRTH100","years_MAM-TMAX-AVGNDS-GRTH100","MAM-TMAX-AVGNDS-LSTH032","meas_flag_MAM-TMAX-AVGNDS-LSTH032","comp_flag_MAM-TMAX-AVGNDS-LSTH032","years_MAM-TMAX-AVGNDS-LSTH032","MAM-HTDD-NORMAL","meas_flag_MAM-HTDD-NORMAL","comp_flag_MAM-HTDD-NORMAL","years_MAM-HTDD-NORMAL","MAM-HTDD-BASE40","meas_flag_MAM-HTDD-BASE40","comp_flag_MAM-HTDD-BASE40","years_MAM-HTDD-BASE40","MAM-HTDD-BASE45","meas_flag_MAM-HTDD-BASE45","comp_flag_MAM-HTDD-BASE45","years_MAM-HTDD-BASE45","MAM-HTDD-BASE50","meas_flag_MAM-HTDD-BASE50","comp_flag_MAM-HTDD-BASE50","years_MAM-HTDD-BASE50","MAM-HTDD-BASE55","meas_flag_MAM-HTDD-BASE55","comp_flag_MAM-HTDD-BASE55","years_MAM-HTDD-BASE55","MAM-HTDD-BASE57","meas_flag_MAM-HTDD-BASE57","comp_flag_MAM-HTDD-BASE57","years_MAM-HTDD-BASE57","MAM-HTDD-BASE60","meas_flag_MAM-HTDD-BASE60","comp_flag_MAM-HTDD-BASE60","years_MAM-HTDD-BASE60","MAM-CLDD-NORMAL","meas_flag_MAM-CLDD-NORMAL","comp_flag_MAM-CLDD-NORMAL","years_MAM-CLDD-NORMAL","MAM-CLDD-BASE40","meas_flag_MAM-CLDD-BASE40","comp_flag_MAM-CLDD-BASE40","years_MAM-CLDD-BASE40","MAM-CLDD-BASE45","meas_flag_MAM-CLDD-BASE45","comp_flag_MAM-CLDD-BASE45","years_MAM-CLDD-BASE45","MAM-CLDD-BASE50","meas_flag_MAM-CLDD-BASE50","comp_flag_MAM-CLDD-BASE50","years_MAM-CLDD-BASE50","MAM-CLDD-BASE55","meas_flag_MAM-CLDD-BASE55","comp_flag_MAM-CLDD-BASE55","years_MAM-CLDD-BASE55","MAM-CLDD-BASE57","meas_flag_MAM-CLDD-BASE57","comp_flag_MAM-CLDD-BASE57","years_MAM-CLDD-BASE57","MAM-CLDD-BASE60","meas_flag_MAM-CLDD-BASE60","comp_flag_MAM-CLDD-BASE60","years_MAM-CLDD-BASE60","MAM-CLDD-BASE70","meas_flag_MAM-CLDD-BASE70","comp_flag_MAM-CLDD-BASE70","years_MAM-CLDD-BASE70","MAM-CLDD-BASE72","meas_flag_MAM-CLDD-BASE72","comp_flag_MAM-CLDD-BASE72","years_MAM-CLDD-BASE72","MAM-GRDD-BASE65","meas_flag_MAM-GRDD-BASE65","comp_flag_MAM-GRDD-BASE65","years_MAM-GRDD-BASE65","MAM-GRDD-BASE40","meas_flag_MAM-GRDD-BASE40","comp_flag_MAM-GRDD-BASE40","years_MAM-GRDD-BASE40","MAM-GRDD-BASE45","meas_flag_MAM-GRDD-BASE45","comp_flag_MAM-GRDD-BASE45","years_MAM-GRDD-BASE45","MAM-GRDD-BASE50","meas_flag_MAM-GRDD-BASE50","comp_flag_MAM-GRDD-BASE50","years_MAM-GRDD-BASE50","MAM-GRDD-BASE55","meas_flag_MAM-GRDD-BASE55","comp_flag_MAM-GRDD-BASE55","years_MAM-GRDD-BASE55","MAM-GRDD-BASE57","meas_flag_MAM-GRDD-BASE57","comp_flag_MAM-GRDD-BASE57","years_MAM-GRDD-BASE57","MAM-GRDD-BASE60","meas_flag_MAM-GRDD-BASE60","comp_flag_MAM-GRDD-BASE60","years_MAM-GRDD-BASE60","MAM-GRDD-BASE70","meas_flag_MAM-GRDD-BASE70","comp_flag_MAM-GRDD-BASE70","years_MAM-GRDD-BASE70","MAM-GRDD-BASE72","meas_flag_MAM-GRDD-BASE72","comp_flag_MAM-GRDD-BASE72","years_MAM-GRDD-BASE72","MAM-GRDD-TB4886","meas_flag_MAM-GRDD-TB4886","comp_flag_MAM-GRDD-TB4886","years_MAM-GRDD-TB4886","MAM-GRDD-TB5086","meas_flag_MAM-GRDD-TB5086","comp_flag_MAM-GRDD-TB5086","years_MAM-GRDD-TB5086","JJA-TAVG-NORMAL","meas_flag_JJA-TAVG-NORMAL","comp_flag_JJA-TAVG-NORMAL","years_JJA-TAVG-NORMAL","JJA-TMIN-NORMAL","meas_flag_JJA-TMIN-NORMAL","comp_flag_JJA-TMIN-NORMAL","years_JJA-TMIN-NORMAL","JJA-TMAX-NORMAL","meas_flag_JJA-TMAX-NORMAL","comp_flag_JJA-TMAX-NORMAL","years_JJA-TMAX-NORMAL","JJA-DUTR-NORMAL","meas_flag_JJA-DUTR-NORMAL","comp_flag_JJA-DUTR-NORMAL","years_JJA-DUTR-NORMAL","JJA-TMIN-AVGNDS-LSTH000","meas_flag_JJA-TMIN-AVGNDS-LSTH000","comp_flag_JJA-TMIN-AVGNDS-LSTH000","years_JJA-TMIN-AVGNDS-LSTH000","JJA-TMIN-AVGNDS-LSTH010","meas_flag_JJA-TMIN-AVGNDS-LSTH010","comp_flag_JJA-TMIN-AVGNDS-LSTH010","years_JJA-TMIN-AVGNDS-LSTH010","JJA-TMIN-AVGNDS-LSTH020","meas_flag_JJA-TMIN-AVGNDS-LSTH020","comp_flag_JJA-TMIN-AVGNDS-LSTH020","years_JJA-TMIN-AVGNDS-LSTH020","JJA-TMIN-AVGNDS-LSTH032","meas_flag_JJA-TMIN-AVGNDS-LSTH032","comp_flag_JJA-TMIN-AVGNDS-LSTH032","years_JJA-TMIN-AVGNDS-LSTH032","JJA-TMIN-AVGNDS-LSTH040","meas_flag_JJA-TMIN-AVGNDS-LSTH040","comp_flag_JJA-TMIN-AVGNDS-LSTH040","years_JJA-TMIN-AVGNDS-LSTH040","JJA-TMIN-AVGNDS-LSTH050","meas_flag_JJA-TMIN-AVGNDS-LSTH050","comp_flag_JJA-TMIN-AVGNDS-LSTH050","years_JJA-TMIN-AVGNDS-LSTH050","JJA-TMIN-AVGNDS-LSTH060","meas_flag_JJA-TMIN-AVGNDS-LSTH060","comp_flag_JJA-TMIN-AVGNDS-LSTH060","years_JJA-TMIN-AVGNDS-LSTH060","JJA-TMIN-AVGNDS-LSTH070","meas_flag_JJA-TMIN-AVGNDS-LSTH070","comp_flag_JJA-TMIN-AVGNDS-LSTH070","years_JJA-TMIN-AVGNDS-LSTH070","JJA-TMAX-AVGNDS-GRTH032","meas_flag_JJA-TMAX-AVGNDS-GRTH032","comp_flag_JJA-TMAX-AVGNDS-GRTH032","years_JJA-TMAX-AVGNDS-GRTH032","JJA-TMAX-AVGNDS-GRTH040","meas_flag_JJA-TMAX-AVGNDS-GRTH040","comp_flag_JJA-TMAX-AVGNDS-GRTH040","years_JJA-TMAX-AVGNDS-GRTH040","JJA-TMAX-AVGNDS-GRTH050","meas_flag_JJA-TMAX-AVGNDS-GRTH050","comp_flag_JJA-TMAX-AVGNDS-GRTH050","years_JJA-TMAX-AVGNDS-GRTH050","JJA-TMAX-AVGNDS-GRTH060","meas_flag_JJA-TMAX-AVGNDS-GRTH060","comp_flag_JJA-TMAX-AVGNDS-GRTH060","years_JJA-TMAX-AVGNDS-GRTH060","JJA-TMAX-AVGNDS-GRTH070","meas_flag_JJA-TMAX-AVGNDS-GRTH070","comp_flag_JJA-TMAX-AVGNDS-GRTH070","years_JJA-TMAX-AVGNDS-GRTH070","JJA-TMAX-AVGNDS-GRTH080","meas_flag_JJA-TMAX-AVGNDS-GRTH080","comp_flag_JJA-TMAX-AVGNDS-GRTH080","years_JJA-TMAX-AVGNDS-GRTH080","JJA-TMAX-AVGNDS-GRTH090","meas_flag_JJA-TMAX-AVGNDS-GRTH090","comp_flag_JJA-TMAX-AVGNDS-GRTH090","years_JJA-TMAX-AVGNDS-GRTH090","JJA-TMAX-AVGNDS-GRTH100","meas_flag_JJA-TMAX-AVGNDS-GRTH100","comp_flag_JJA-TMAX-AVGNDS-GRTH100","years_JJA-TMAX-AVGNDS-GRTH100","JJA-TMAX-AVGNDS-LSTH032","meas_flag_JJA-TMAX-AVGNDS-LSTH032","comp_flag_JJA-TMAX-AVGNDS-LSTH032","years_JJA-TMAX-AVGNDS-LSTH032","JJA-HTDD-NORMAL","meas_flag_JJA-HTDD-NORMAL","comp_flag_JJA-HTDD-NORMAL","years_JJA-HTDD-NORMAL","JJA-HTDD-BASE40","meas_flag_JJA-HTDD-BASE40","comp_flag_JJA-HTDD-BASE40","years_JJA-HTDD-BASE40","JJA-HTDD-BASE45","meas_flag_JJA-HTDD-BASE45","comp_flag_JJA-HTDD-BASE45","years_JJA-HTDD-BASE45","JJA-HTDD-BASE50","meas_flag_JJA-HTDD-BASE50","comp_flag_JJA-HTDD-BASE50","years_JJA-HTDD-BASE50","JJA-HTDD-BASE55","meas_flag_JJA-HTDD-BASE55","comp_flag_JJA-HTDD-BASE55","years_JJA-HTDD-BASE55","JJA-HTDD-BASE57","meas_flag_JJA-HTDD-BASE57","comp_flag_JJA-HTDD-BASE57","years_JJA-HTDD-BASE57","JJA-HTDD-BASE60","meas_flag_JJA-HTDD-BASE60","comp_flag_JJA-HTDD-BASE60","years_JJA-HTDD-BASE60","JJA-CLDD-NORMAL","meas_flag_JJA-CLDD-NORMAL","comp_flag_JJA-CLDD-NORMAL","years_JJA-CLDD-NORMAL","JJA-CLDD-BASE40","meas_flag_JJA-CLDD-BASE40","comp_flag_JJA-CLDD-BASE40","years_JJA-CLDD-BASE40","JJA-CLDD-BASE45","meas_flag_JJA-CLDD-BASE45","comp_flag_JJA-CLDD-BASE45","years_JJA-CLDD-BASE45","JJA-CLDD-BASE50","meas_flag_JJA-CLDD-BASE50","comp_flag_JJA-CLDD-BASE50","years_JJA-CLDD-BASE50","JJA-CLDD-BASE55","meas_flag_JJA-CLDD-BASE55","comp_flag_JJA-CLDD-BASE55","years_JJA-CLDD-BASE55","JJA-CLDD-BASE57","meas_flag_JJA-CLDD-BASE57","comp_flag_JJA-CLDD-BASE57","years_JJA-CLDD-BASE57","JJA-CLDD-BASE60","meas_flag_JJA-CLDD-BASE60","comp_flag_JJA-CLDD-BASE60","years_JJA-CLDD-BASE60","JJA-CLDD-BASE70","meas_flag_JJA-CLDD-BASE70","comp_flag_JJA-CLDD-BASE70","years_JJA-CLDD-BASE70","JJA-CLDD-BASE72","meas_flag_JJA-CLDD-BASE72","comp_flag_JJA-CLDD-BASE72","years_JJA-CLDD-BASE72","JJA-GRDD-BASE65","meas_flag_JJA-GRDD-BASE65","comp_flag_JJA-GRDD-BASE65","years_JJA-GRDD-BASE65","JJA-GRDD-BASE40","meas_flag_JJA-GRDD-BASE40","comp_flag_JJA-GRDD-BASE40","years_JJA-GRDD-BASE40","JJA-GRDD-BASE45","meas_flag_JJA-GRDD-BASE45","comp_flag_JJA-GRDD-BASE45","years_JJA-GRDD-BASE45","JJA-GRDD-BASE50","meas_flag_JJA-GRDD-BASE50","comp_flag_JJA-GRDD-BASE50","years_JJA-GRDD-BASE50","JJA-GRDD-BASE55","meas_flag_JJA-GRDD-BASE55","comp_flag_JJA-GRDD-BASE55","years_JJA-GRDD-BASE55","JJA-GRDD-BASE57","meas_flag_JJA-GRDD-BASE57","comp_flag_JJA-GRDD-BASE57","years_JJA-GRDD-BASE57","JJA-GRDD-BASE60","meas_flag_JJA-GRDD-BASE60","comp_flag_JJA-GRDD-BASE60","years_JJA-GRDD-BASE60","JJA-GRDD-BASE70","meas_flag_JJA-GRDD-BASE70","comp_flag_JJA-GRDD-BASE70","years_JJA-GRDD-BASE70","JJA-GRDD-BASE72","meas_flag_JJA-GRDD-BASE72","comp_flag_JJA-GRDD-BASE72","years_JJA-GRDD-BASE72","JJA-GRDD-TB4886","meas_flag_JJA-GRDD-TB4886","comp_flag_JJA-GRDD-TB4886","years_JJA-GRDD-TB4886","JJA-GRDD-TB5086","meas_flag_JJA-GRDD-TB5086","comp_flag_JJA-GRDD-TB5086","years_JJA-GRDD-TB5086","SON-TAVG-NORMAL","meas_flag_SON-TAVG-NORMAL","comp_flag_SON-TAVG-NORMAL","years_SON-TAVG-NORMAL","SON-TMIN-NORMAL","meas_flag_SON-TMIN-NORMAL","comp_flag_SON-TMIN-NORMAL","years_SON-TMIN-NORMAL","SON-TMAX-NORMAL","meas_flag_SON-TMAX-NORMAL","comp_flag_SON-TMAX-NORMAL","years_SON-TMAX-NORMAL","SON-DUTR-NORMAL","meas_flag_SON-DUTR-NORMAL","comp_flag_SON-DUTR-NORMAL","years_SON-DUTR-NORMAL","SON-TMIN-AVGNDS-LSTH000","meas_flag_SON-TMIN-AVGNDS-LSTH000","comp_flag_SON-TMIN-AVGNDS-LSTH000","years_SON-TMIN-AVGNDS-LSTH000","SON-TMIN-AVGNDS-LSTH010","meas_flag_SON-TMIN-AVGNDS-LSTH010","comp_flag_SON-TMIN-AVGNDS-LSTH010","years_SON-TMIN-AVGNDS-LSTH010","SON-TMIN-AVGNDS-LSTH020","meas_flag_SON-TMIN-AVGNDS-LSTH020","comp_flag_SON-TMIN-AVGNDS-LSTH020","years_SON-TMIN-AVGNDS-LSTH020","SON-TMIN-AVGNDS-LSTH032","meas_flag_SON-TMIN-AVGNDS-LSTH032","comp_flag_SON-TMIN-AVGNDS-LSTH032","years_SON-TMIN-AVGNDS-LSTH032","SON-TMIN-AVGNDS-LSTH040","meas_flag_SON-TMIN-AVGNDS-LSTH040","comp_flag_SON-TMIN-AVGNDS-LSTH040","years_SON-TMIN-AVGNDS-LSTH040","SON-TMIN-AVGNDS-LSTH050","meas_flag_SON-TMIN-AVGNDS-LSTH050","comp_flag_SON-TMIN-AVGNDS-LSTH050","years_SON-TMIN-AVGNDS-LSTH050","SON-TMIN-AVGNDS-LSTH060","meas_flag_SON-TMIN-AVGNDS-LSTH060","comp_flag_SON-TMIN-AVGNDS-LSTH060","years_SON-TMIN-AVGNDS-LSTH060","SON-TMIN-AVGNDS-LSTH070","meas_flag_SON-TMIN-AVGNDS-LSTH070","comp_flag_SON-TMIN-AVGNDS-LSTH070","years_SON-TMIN-AVGNDS-LSTH070","SON-TMAX-AVGNDS-GRTH032","meas_flag_SON-TMAX-AVGNDS-GRTH032","comp_flag_SON-TMAX-AVGNDS-GRTH032","years_SON-TMAX-AVGNDS-GRTH032","SON-TMAX-AVGNDS-GRTH040","meas_flag_SON-TMAX-AVGNDS-GRTH040","comp_flag_SON-TMAX-AVGNDS-GRTH040","years_SON-TMAX-AVGNDS-GRTH040","SON-TMAX-AVGNDS-GRTH050","meas_flag_SON-TMAX-AVGNDS-GRTH050","comp_flag_SON-TMAX-AVGNDS-GRTH050","years_SON-TMAX-AVGNDS-GRTH050","SON-TMAX-AVGNDS-GRTH060","meas_flag_SON-TMAX-AVGNDS-GRTH060","comp_flag_SON-TMAX-AVGNDS-GRTH060","years_SON-TMAX-AVGNDS-GRTH060","SON-TMAX-AVGNDS-GRTH070","meas_flag_SON-TMAX-AVGNDS-GRTH070","comp_flag_SON-TMAX-AVGNDS-GRTH070","years_SON-TMAX-AVGNDS-GRTH070","SON-TMAX-AVGNDS-GRTH080","meas_flag_SON-TMAX-AVGNDS-GRTH080","comp_flag_SON-TMAX-AVGNDS-GRTH080","years_SON-TMAX-AVGNDS-GRTH080","SON-TMAX-AVGNDS-GRTH090","meas_flag_SON-TMAX-AVGNDS-GRTH090","comp_flag_SON-TMAX-AVGNDS-GRTH090","years_SON-TMAX-AVGNDS-GRTH090","SON-TMAX-AVGNDS-GRTH100","meas_flag_SON-TMAX-AVGNDS-GRTH100","comp_flag_SON-TMAX-AVGNDS-GRTH100","years_SON-TMAX-AVGNDS-GRTH100","SON-TMAX-AVGNDS-LSTH032","meas_flag_SON-TMAX-AVGNDS-LSTH032","comp_flag_SON-TMAX-AVGNDS-LSTH032","years_SON-TMAX-AVGNDS-LSTH032","SON-HTDD-NORMAL","meas_flag_SON-HTDD-NORMAL","comp_flag_SON-HTDD-NORMAL","years_SON-HTDD-NORMAL","SON-HTDD-BASE40","meas_flag_SON-HTDD-BASE40","comp_flag_SON-HTDD-BASE40","years_SON-HTDD-BASE40","SON-HTDD-BASE45","meas_flag_SON-HTDD-BASE45","comp_flag_SON-HTDD-BASE45","years_SON-HTDD-BASE45","SON-HTDD-BASE50","meas_flag_SON-HTDD-BASE50","comp_flag_SON-HTDD-BASE50","years_SON-HTDD-BASE50","SON-HTDD-BASE55","meas_flag_SON-HTDD-BASE55","comp_flag_SON-HTDD-BASE55","years_SON-HTDD-BASE55","SON-HTDD-BASE57","meas_flag_SON-HTDD-BASE57","comp_flag_SON-HTDD-BASE57","years_SON-HTDD-BASE57","SON-HTDD-BASE60","meas_flag_SON-HTDD-BASE60","comp_flag_SON-HTDD-BASE60","years_SON-HTDD-BASE60","SON-CLDD-NORMAL","meas_flag_SON-CLDD-NORMAL","comp_flag_SON-CLDD-NORMAL","years_SON-CLDD-NORMAL","SON-CLDD-BASE40","meas_flag_SON-CLDD-BASE40","comp_flag_SON-CLDD-BASE40","years_SON-CLDD-BASE40","SON-CLDD-BASE45","meas_flag_SON-CLDD-BASE45","comp_flag_SON-CLDD-BASE45","years_SON-CLDD-BASE45","SON-CLDD-BASE50","meas_flag_SON-CLDD-BASE50","comp_flag_SON-CLDD-BASE50","years_SON-CLDD-BASE50","SON-CLDD-BASE55","meas_flag_SON-CLDD-BASE55","comp_flag_SON-CLDD-BASE55","years_SON-CLDD-BASE55","SON-CLDD-BASE57","meas_flag_SON-CLDD-BASE57","comp_flag_SON-CLDD-BASE57","years_SON-CLDD-BASE57","SON-CLDD-BASE60","meas_flag_SON-CLDD-BASE60","comp_flag_SON-CLDD-BASE60","years_SON-CLDD-BASE60","SON-CLDD-BASE70","meas_flag_SON-CLDD-BASE70","comp_flag_SON-CLDD-BASE70","years_SON-CLDD-BASE70","SON-CLDD-BASE72","meas_flag_SON-CLDD-BASE72","comp_flag_SON-CLDD-BASE72","years_SON-CLDD-BASE72","SON-GRDD-BASE65","meas_flag_SON-GRDD-BASE65","comp_flag_SON-GRDD-BASE65","years_SON-GRDD-BASE65","SON-GRDD-BASE40","meas_flag_SON-GRDD-BASE40","comp_flag_SON-GRDD-BASE40","years_SON-GRDD-BASE40","SON-GRDD-BASE45","meas_flag_SON-GRDD-BASE45","comp_flag_SON-GRDD-BASE45","years_SON-GRDD-BASE45","SON-GRDD-BASE50","meas_flag_SON-GRDD-BASE50","comp_flag_SON-GRDD-BASE50","years_SON-GRDD-BASE50","SON-GRDD-BASE55","meas_flag_SON-GRDD-BASE55","comp_flag_SON-GRDD-BASE55","years_SON-GRDD-BASE55","SON-GRDD-BASE57","meas_flag_SON-GRDD-BASE57","comp_flag_SON-GRDD-BASE57","years_SON-GRDD-BASE57","SON-GRDD-BASE60","meas_flag_SON-GRDD-BASE60","comp_flag_SON-GRDD-BASE60","years_SON-GRDD-BASE60","SON-GRDD-BASE70","meas_flag_SON-GRDD-BASE70","comp_flag_SON-GRDD-BASE70","years_SON-GRDD-BASE70","SON-GRDD-BASE72","meas_flag_SON-GRDD-BASE72","comp_flag_SON-GRDD-BASE72","years_SON-GRDD-BASE72","SON-GRDD-TB4886","meas_flag_SON-GRDD-TB4886","comp_flag_SON-GRDD-TB4886","years_SON-GRDD-TB4886","SON-GRDD-TB5086","meas_flag_SON-GRDD-TB5086","comp_flag_SON-GRDD-TB5086","years_SON-GRDD-TB5086","DJF-TAVG-NORMAL","meas_flag_DJF-TAVG-NORMAL","comp_flag_DJF-TAVG-NORMAL","years_DJF-TAVG-NORMAL","DJF-TMIN-NORMAL","meas_flag_DJF-TMIN-NORMAL","comp_flag_DJF-TMIN-NORMAL","years_DJF-TMIN-NORMAL","DJF-TMAX-NORMAL","meas_flag_DJF-TMAX-NORMAL","comp_flag_DJF-TMAX-NORMAL","years_DJF-TMAX-NORMAL","DJF-DUTR-NORMAL","meas_flag_DJF-DUTR-NORMAL","comp_flag_DJF-DUTR-NORMAL","years_DJF-DUTR-NORMAL","DJF-TMIN-AVGNDS-LSTH000","meas_flag_DJF-TMIN-AVGNDS-LSTH000","comp_flag_DJF-TMIN-AVGNDS-LSTH000","years_DJF-TMIN-AVGNDS-LSTH000","DJF-TMIN-AVGNDS-LSTH010","meas_flag_DJF-TMIN-AVGNDS-LSTH010","comp_flag_DJF-TMIN-AVGNDS-LSTH010","years_DJF-TMIN-AVGNDS-LSTH010","DJF-TMIN-AVGNDS-LSTH020","meas_flag_DJF-TMIN-AVGNDS-LSTH020","comp_flag_DJF-TMIN-AVGNDS-LSTH020","years_DJF-TMIN-AVGNDS-LSTH020","DJF-TMIN-AVGNDS-LSTH032","meas_flag_DJF-TMIN-AVGNDS-LSTH032","comp_flag_DJF-TMIN-AVGNDS-LSTH032","years_DJF-TMIN-AVGNDS-LSTH032","DJF-TMIN-AVGNDS-LSTH040","meas_flag_DJF-TMIN-AVGNDS-LSTH040","comp_flag_DJF-TMIN-AVGNDS-LSTH040","years_DJF-TMIN-AVGNDS-LSTH040","DJF-TMIN-AVGNDS-LSTH050","meas_flag_DJF-TMIN-AVGNDS-LSTH050","comp_flag_DJF-TMIN-AVGNDS-LSTH050","years_DJF-TMIN-AVGNDS-LSTH050","DJF-TMIN-AVGNDS-LSTH060","meas_flag_DJF-TMIN-AVGNDS-LSTH060","comp_flag_DJF-TMIN-AVGNDS-LSTH060","years_DJF-TMIN-AVGNDS-LSTH060","DJF-TMIN-AVGNDS-LSTH070","meas_flag_DJF-TMIN-AVGNDS-LSTH070","comp_flag_DJF-TMIN-AVGNDS-LSTH070","years_DJF-TMIN-AVGNDS-LSTH070","DJF-TMAX-AVGNDS-GRTH032","meas_flag_DJF-TMAX-AVGNDS-GRTH032","comp_flag_DJF-TMAX-AVGNDS-GRTH032","years_DJF-TMAX-AVGNDS-GRTH032","DJF-TMAX-AVGNDS-GRTH040","meas_flag_DJF-TMAX-AVGNDS-GRTH040","comp_flag_DJF-TMAX-AVGNDS-GRTH040","years_DJF-TMAX-AVGNDS-GRTH040","DJF-TMAX-AVGNDS-GRTH050","meas_flag_DJF-TMAX-AVGNDS-GRTH050","comp_flag_DJF-TMAX-AVGNDS-GRTH050","years_DJF-TMAX-AVGNDS-GRTH050","DJF-TMAX-AVGNDS-GRTH060","meas_flag_DJF-TMAX-AVGNDS-GRTH060","comp_flag_DJF-TMAX-AVGNDS-GRTH060","years_DJF-TMAX-AVGNDS-GRTH060","DJF-TMAX-AVGNDS-GRTH070","meas_flag_DJF-TMAX-AVGNDS-GRTH070","comp_flag_DJF-TMAX-AVGNDS-GRTH070","years_DJF-TMAX-AVGNDS-GRTH070","DJF-TMAX-AVGNDS-GRTH080","meas_flag_DJF-TMAX-AVGNDS-GRTH080","comp_flag_DJF-TMAX-AVGNDS-GRTH080","years_DJF-TMAX-AVGNDS-GRTH080","DJF-TMAX-AVGNDS-GRTH090","meas_flag_DJF-TMAX-AVGNDS-GRTH090","comp_flag_DJF-TMAX-AVGNDS-GRTH090","years_DJF-TMAX-AVGNDS-GRTH090","DJF-TMAX-AVGNDS-GRTH100","meas_flag_DJF-TMAX-AVGNDS-GRTH100","comp_flag_DJF-TMAX-AVGNDS-GRTH100","years_DJF-TMAX-AVGNDS-GRTH100","DJF-TMAX-AVGNDS-LSTH032","meas_flag_DJF-TMAX-AVGNDS-LSTH032","comp_flag_DJF-TMAX-AVGNDS-LSTH032","years_DJF-TMAX-AVGNDS-LSTH032","DJF-HTDD-NORMAL","meas_flag_DJF-HTDD-NORMAL","comp_flag_DJF-HTDD-NORMAL","years_DJF-HTDD-NORMAL","DJF-HTDD-BASE40","meas_flag_DJF-HTDD-BASE40","comp_flag_DJF-HTDD-BASE40","years_DJF-HTDD-BASE40","DJF-HTDD-BASE45","meas_flag_DJF-HTDD-BASE45","comp_flag_DJF-HTDD-BASE45","years_DJF-HTDD-BASE45","DJF-HTDD-BASE50","meas_flag_DJF-HTDD-BASE50","comp_flag_DJF-HTDD-BASE50","years_DJF-HTDD-BASE50","DJF-HTDD-BASE55","meas_flag_DJF-HTDD-BASE55","comp_flag_DJF-HTDD-BASE55","years_DJF-HTDD-BASE55","DJF-HTDD-BASE57","meas_flag_DJF-HTDD-BASE57","comp_flag_DJF-HTDD-BASE57","years_DJF-HTDD-BASE57","DJF-HTDD-BASE60","meas_flag_DJF-HTDD-BASE60","comp_flag_DJF-HTDD-BASE60","years_DJF-HTDD-BASE60","DJF-CLDD-NORMAL","meas_flag_DJF-CLDD-NORMAL","comp_flag_DJF-CLDD-NORMAL","years_DJF-CLDD-NORMAL","DJF-CLDD-BASE40","meas_flag_DJF-CLDD-BASE40","comp_flag_DJF-CLDD-BASE40","years_DJF-CLDD-BASE40","DJF-CLDD-BASE45","meas_flag_DJF-CLDD-BASE45","comp_flag_DJF-CLDD-BASE45","years_DJF-CLDD-BASE45","DJF-CLDD-BASE50","meas_flag_DJF-CLDD-BASE50","comp_flag_DJF-CLDD-BASE50","years_DJF-CLDD-BASE50","DJF-CLDD-BASE55","meas_flag_DJF-CLDD-BASE55","comp_flag_DJF-CLDD-BASE55","years_DJF-CLDD-BASE55","DJF-CLDD-BASE57","meas_flag_DJF-CLDD-BASE57","comp_flag_DJF-CLDD-BASE57","years_DJF-CLDD-BASE57","DJF-CLDD-BASE60","meas_flag_DJF-CLDD-BASE60","comp_flag_DJF-CLDD-BASE60","years_DJF-CLDD-BASE60","DJF-CLDD-BASE70","meas_flag_DJF-CLDD-BASE70","comp_flag_DJF-CLDD-BASE70","years_DJF-CLDD-BASE70","DJF-CLDD-BASE72","meas_flag_DJF-CLDD-BASE72","comp_flag_DJF-CLDD-BASE72","years_DJF-CLDD-BASE72","DJF-GRDD-BASE65","meas_flag_DJF-GRDD-BASE65","comp_flag_DJF-GRDD-BASE65","years_DJF-GRDD-BASE65","DJF-GRDD-BASE40","meas_flag_DJF-GRDD-BASE40","comp_flag_DJF-GRDD-BASE40","years_DJF-GRDD-BASE40","DJF-GRDD-BASE45","meas_flag_DJF-GRDD-BASE45","comp_flag_DJF-GRDD-BASE45","years_DJF-GRDD-BASE45","DJF-GRDD-BASE50","meas_flag_DJF-GRDD-BASE50","comp_flag_DJF-GRDD-BASE50","years_DJF-GRDD-BASE50","DJF-GRDD-BASE55","meas_flag_DJF-GRDD-BASE55","comp_flag_DJF-GRDD-BASE55","years_DJF-GRDD-BASE55","DJF-GRDD-BASE57","meas_flag_DJF-GRDD-BASE57","comp_flag_DJF-GRDD-BASE57","years_DJF-GRDD-BASE57","DJF-GRDD-BASE60","meas_flag_DJF-GRDD-BASE60","comp_flag_DJF-GRDD-BASE60","years_DJF-GRDD-BASE60","DJF-GRDD-BASE70","meas_flag_DJF-GRDD-BASE70","comp_flag_DJF-GRDD-BASE70","years_DJF-GRDD-BASE70","DJF-GRDD-BASE72","meas_flag_DJF-GRDD-BASE72","comp_flag_DJF-GRDD-BASE72","years_DJF-GRDD-BASE72","DJF-GRDD-TB4886","meas_flag_DJF-GRDD-TB4886","comp_flag_DJF-GRDD-TB4886","years_DJF-GRDD-TB4886","DJF-GRDD-TB5086","meas_flag_DJF-GRDD-TB5086","comp_flag_DJF-GRDD-TB5086","years_DJF-GRDD-TB5086","ANN-TMIN-PRBOCC-LSTH016","meas_flag_ANN-TMIN-PRBOCC-LSTH016","comp_flag_ANN-TMIN-PRBOCC-LSTH016","years_ANN-TMIN-PRBOCC-LSTH016","ANN-TMIN-PRBOCC-LSTH020","meas_flag_ANN-TMIN-PRBOCC-LSTH020","comp_flag_ANN-TMIN-PRBOCC-LSTH020","years_ANN-TMIN-PRBOCC-LSTH020","ANN-TMIN-PRBOCC-LSTH024","meas_flag_ANN-TMIN-PRBOCC-LSTH024","comp_flag_ANN-TMIN-PRBOCC-LSTH024","years_ANN-TMIN-PRBOCC-LSTH024","ANN-TMIN-PRBOCC-LSTH028","meas_flag_ANN-TMIN-PRBOCC-LSTH028","comp_flag_ANN-TMIN-PRBOCC-LSTH028","years_ANN-TMIN-PRBOCC-LSTH028","ANN-TMIN-PRBOCC-LSTH032","meas_flag_ANN-TMIN-PRBOCC-LSTH032","comp_flag_ANN-TMIN-PRBOCC-LSTH032","years_ANN-TMIN-PRBOCC-LSTH032","ANN-TMIN-PRBOCC-LSTH036","meas_flag_ANN-TMIN-PRBOCC-LSTH036","comp_flag_ANN-TMIN-PRBOCC-LSTH036","years_ANN-TMIN-PRBOCC-LSTH036","ANN-TMIN-PRBFST-T16FP10","meas_flag_ANN-TMIN-PRBFST-T16FP10","comp_flag_ANN-TMIN-PRBFST-T16FP10","years_ANN-TMIN-PRBFST-T16FP10","ANN-TMIN-PRBFST-T16FP20","meas_flag_ANN-TMIN-PRBFST-T16FP20","comp_flag_ANN-TMIN-PRBFST-T16FP20","years_ANN-TMIN-PRBFST-T16FP20","ANN-TMIN-PRBFST-T16FP30","meas_flag_ANN-TMIN-PRBFST-T16FP30","comp_flag_ANN-TMIN-PRBFST-T16FP30","years_ANN-TMIN-PRBFST-T16FP30","ANN-TMIN-PRBFST-T16FP40","meas_flag_ANN-TMIN-PRBFST-T16FP40","comp_flag_ANN-TMIN-PRBFST-T16FP40","years_ANN-TMIN-PRBFST-T16FP40","ANN-TMIN-PRBFST-T16FP50","meas_flag_ANN-TMIN-PRBFST-T16FP50","comp_flag_ANN-TMIN-PRBFST-T16FP50","years_ANN-TMIN-PRBFST-T16FP50","ANN-TMIN-PRBFST-T16FP60","meas_flag_ANN-TMIN-PRBFST-T16FP60","comp_flag_ANN-TMIN-PRBFST-T16FP60","years_ANN-TMIN-PRBFST-T16FP60","ANN-TMIN-PRBFST-T16FP70","meas_flag_ANN-TMIN-PRBFST-T16FP70","comp_flag_ANN-TMIN-PRBFST-T16FP70","years_ANN-TMIN-PRBFST-T16FP70","ANN-TMIN-PRBFST-T16FP80","meas_flag_ANN-TMIN-PRBFST-T16FP80","comp_flag_ANN-TMIN-PRBFST-T16FP80","years_ANN-TMIN-PRBFST-T16FP80","ANN-TMIN-PRBFST-T16FP90","meas_flag_ANN-TMIN-PRBFST-T16FP90","comp_flag_ANN-TMIN-PRBFST-T16FP90","years_ANN-TMIN-PRBFST-T16FP90","ANN-TMIN-PRBFST-T20FP10","meas_flag_ANN-TMIN-PRBFST-T20FP10","comp_flag_ANN-TMIN-PRBFST-T20FP10","years_ANN-TMIN-PRBFST-T20FP10","ANN-TMIN-PRBFST-T20FP20","meas_flag_ANN-TMIN-PRBFST-T20FP20","comp_flag_ANN-TMIN-PRBFST-T20FP20","years_ANN-TMIN-PRBFST-T20FP20","ANN-TMIN-PRBFST-T20FP30","meas_flag_ANN-TMIN-PRBFST-T20FP30","comp_flag_ANN-TMIN-PRBFST-T20FP30","years_ANN-TMIN-PRBFST-T20FP30","ANN-TMIN-PRBFST-T20FP40","meas_flag_ANN-TMIN-PRBFST-T20FP40","comp_flag_ANN-TMIN-PRBFST-T20FP40","years_ANN-TMIN-PRBFST-T20FP40","ANN-TMIN-PRBFST-T20FP50","meas_flag_ANN-TMIN-PRBFST-T20FP50","comp_flag_ANN-TMIN-PRBFST-T20FP50","years_ANN-TMIN-PRBFST-T20FP50","ANN-TMIN-PRBFST-T20FP60","meas_flag_ANN-TMIN-PRBFST-T20FP60","comp_flag_ANN-TMIN-PRBFST-T20FP60","years_ANN-TMIN-PRBFST-T20FP60","ANN-TMIN-PRBFST-T20FP70","meas_flag_ANN-TMIN-PRBFST-T20FP70","comp_flag_ANN-TMIN-PRBFST-T20FP70","years_ANN-TMIN-PRBFST-T20FP70","ANN-TMIN-PRBFST-T20FP80","meas_flag_ANN-TMIN-PRBFST-T20FP80","comp_flag_ANN-TMIN-PRBFST-T20FP80","years_ANN-TMIN-PRBFST-T20FP80","ANN-TMIN-PRBFST-T20FP90","meas_flag_ANN-TMIN-PRBFST-T20FP90","comp_flag_ANN-TMIN-PRBFST-T20FP90","years_ANN-TMIN-PRBFST-T20FP90","ANN-TMIN-PRBFST-T24FP10","meas_flag_ANN-TMIN-PRBFST-T24FP10","comp_flag_ANN-TMIN-PRBFST-T24FP10","years_ANN-TMIN-PRBFST-T24FP10","ANN-TMIN-PRBFST-T24FP20","meas_flag_ANN-TMIN-PRBFST-T24FP20","comp_flag_ANN-TMIN-PRBFST-T24FP20","years_ANN-TMIN-PRBFST-T24FP20","ANN-TMIN-PRBFST-T24FP30","meas_flag_ANN-TMIN-PRBFST-T24FP30","comp_flag_ANN-TMIN-PRBFST-T24FP30","years_ANN-TMIN-PRBFST-T24FP30","ANN-TMIN-PRBFST-T24FP40","meas_flag_ANN-TMIN-PRBFST-T24FP40","comp_flag_ANN-TMIN-PRBFST-T24FP40","years_ANN-TMIN-PRBFST-T24FP40","ANN-TMIN-PRBFST-T24FP50","meas_flag_ANN-TMIN-PRBFST-T24FP50","comp_flag_ANN-TMIN-PRBFST-T24FP50","years_ANN-TMIN-PRBFST-T24FP50","ANN-TMIN-PRBFST-T24FP60","meas_flag_ANN-TMIN-PRBFST-T24FP60","comp_flag_ANN-TMIN-PRBFST-T24FP60","years_ANN-TMIN-PRBFST-T24FP60","ANN-TMIN-PRBFST-T24FP70","meas_flag_ANN-TMIN-PRBFST-T24FP70","comp_flag_ANN-TMIN-PRBFST-T24FP70","years_ANN-TMIN-PRBFST-T24FP70","ANN-TMIN-PRBFST-T24FP80","meas_flag_ANN-TMIN-PRBFST-T24FP80","comp_flag_ANN-TMIN-PRBFST-T24FP80","years_ANN-TMIN-PRBFST-T24FP80","ANN-TMIN-PRBFST-T24FP90","meas_flag_ANN-TMIN-PRBFST-T24FP90","comp_flag_ANN-TMIN-PRBFST-T24FP90","years_ANN-TMIN-PRBFST-T24FP90","ANN-TMIN-PRBFST-T28FP10","meas_flag_ANN-TMIN-PRBFST-T28FP10","comp_flag_ANN-TMIN-PRBFST-T28FP10","years_ANN-TMIN-PRBFST-T28FP10","ANN-TMIN-PRBFST-T28FP20","meas_flag_ANN-TMIN-PRBFST-T28FP20","comp_flag_ANN-TMIN-PRBFST-T28FP20","years_ANN-TMIN-PRBFST-T28FP20","ANN-TMIN-PRBFST-T28FP30","meas_flag_ANN-TMIN-PRBFST-T28FP30","comp_flag_ANN-TMIN-PRBFST-T28FP30","years_ANN-TMIN-PRBFST-T28FP30","ANN-TMIN-PRBFST-T28FP40","meas_flag_ANN-TMIN-PRBFST-T28FP40","comp_flag_ANN-TMIN-PRBFST-T28FP40","years_ANN-TMIN-PRBFST-T28FP40","ANN-TMIN-PRBFST-T28FP50","meas_flag_ANN-TMIN-PRBFST-T28FP50","comp_flag_ANN-TMIN-PRBFST-T28FP50","years_ANN-TMIN-PRBFST-T28FP50","ANN-TMIN-PRBFST-T28FP60","meas_flag_ANN-TMIN-PRBFST-T28FP60","comp_flag_ANN-TMIN-PRBFST-T28FP60","years_ANN-TMIN-PRBFST-T28FP60","ANN-TMIN-PRBFST-T28FP70","meas_flag_ANN-TMIN-PRBFST-T28FP70","comp_flag_ANN-TMIN-PRBFST-T28FP70","years_ANN-TMIN-PRBFST-T28FP70","ANN-TMIN-PRBFST-T28FP80","meas_flag_ANN-TMIN-PRBFST-T28FP80","comp_flag_ANN-TMIN-PRBFST-T28FP80","years_ANN-TMIN-PRBFST-T28FP80","ANN-TMIN-PRBFST-T28FP90","meas_flag_ANN-TMIN-PRBFST-T28FP90","comp_flag_ANN-TMIN-PRBFST-T28FP90","years_ANN-TMIN-PRBFST-T28FP90","ANN-TMIN-PRBFST-T32FP10","meas_flag_ANN-TMIN-PRBFST-T32FP10","comp_flag_ANN-TMIN-PRBFST-T32FP10","years_ANN-TMIN-PRBFST-T32FP10","ANN-TMIN-PRBFST-T32FP20","meas_flag_ANN-TMIN-PRBFST-T32FP20","comp_flag_ANN-TMIN-PRBFST-T32FP20","years_ANN-TMIN-PRBFST-T32FP20","ANN-TMIN-PRBFST-T32FP30","meas_flag_ANN-TMIN-PRBFST-T32FP30","comp_flag_ANN-TMIN-PRBFST-T32FP30","years_ANN-TMIN-PRBFST-T32FP30","ANN-TMIN-PRBFST-T32FP40","meas_flag_ANN-TMIN-PRBFST-T32FP40","comp_flag_ANN-TMIN-PRBFST-T32FP40","years_ANN-TMIN-PRBFST-T32FP40","ANN-TMIN-PRBFST-T32FP50","meas_flag_ANN-TMIN-PRBFST-T32FP50","comp_flag_ANN-TMIN-PRBFST-T32FP50","years_ANN-TMIN-PRBFST-T32FP50","ANN-TMIN-PRBFST-T32FP60","meas_flag_ANN-TMIN-PRBFST-T32FP60","comp_flag_ANN-TMIN-PRBFST-T32FP60","years_ANN-TMIN-PRBFST-T32FP60","ANN-TMIN-PRBFST-T32FP70","meas_flag_ANN-TMIN-PRBFST-T32FP70","comp_flag_ANN-TMIN-PRBFST-T32FP70","years_ANN-TMIN-PRBFST-T32FP70","ANN-TMIN-PRBFST-T32FP80","meas_flag_ANN-TMIN-PRBFST-T32FP80","comp_flag_ANN-TMIN-PRBFST-T32FP80","years_ANN-TMIN-PRBFST-T32FP80","ANN-TMIN-PRBFST-T32FP90","meas_flag_ANN-TMIN-PRBFST-T32FP90","comp_flag_ANN-TMIN-PRBFST-T32FP90","years_ANN-TMIN-PRBFST-T32FP90","ANN-TMIN-PRBFST-T36FP10","meas_flag_ANN-TMIN-PRBFST-T36FP10","comp_flag_ANN-TMIN-PRBFST-T36FP10","years_ANN-TMIN-PRBFST-T36FP10","ANN-TMIN-PRBFST-T36FP20","meas_flag_ANN-TMIN-PRBFST-T36FP20","comp_flag_ANN-TMIN-PRBFST-T36FP20","years_ANN-TMIN-PRBFST-T36FP20","ANN-TMIN-PRBFST-T36FP30","meas_flag_ANN-TMIN-PRBFST-T36FP30","comp_flag_ANN-TMIN-PRBFST-T36FP30","years_ANN-TMIN-PRBFST-T36FP30","ANN-TMIN-PRBFST-T36FP40","meas_flag_ANN-TMIN-PRBFST-T36FP40","comp_flag_ANN-TMIN-PRBFST-T36FP40","years_ANN-TMIN-PRBFST-T36FP40","ANN-TMIN-PRBFST-T36FP50","meas_flag_ANN-TMIN-PRBFST-T36FP50","comp_flag_ANN-TMIN-PRBFST-T36FP50","years_ANN-TMIN-PRBFST-T36FP50","ANN-TMIN-PRBFST-T36FP60","meas_flag_ANN-TMIN-PRBFST-T36FP60","comp_flag_ANN-TMIN-PRBFST-T36FP60","years_ANN-TMIN-PRBFST-T36FP60","ANN-TMIN-PRBFST-T36FP70","meas_flag_ANN-TMIN-PRBFST-T36FP70","comp_flag_ANN-TMIN-PRBFST-T36FP70","years_ANN-TMIN-PRBFST-T36FP70","ANN-TMIN-PRBFST-T36FP80","meas_flag_ANN-TMIN-PRBFST-T36FP80","comp_flag_ANN-TMIN-PRBFST-T36FP80","years_ANN-TMIN-PRBFST-T36FP80","ANN-TMIN-PRBFST-T36FP90","meas_flag_ANN-TMIN-PRBFST-T36FP90","comp_flag_ANN-TMIN-PRBFST-T36FP90","years_ANN-TMIN-PRBFST-T36FP90","ANN-TMIN-PRBLST-T16FP10","meas_flag_ANN-TMIN-PRBLST-T16FP10","comp_flag_ANN-TMIN-PRBLST-T16FP10","years_ANN-TMIN-PRBLST-T16FP10","ANN-TMIN-PRBLST-T16FP20","meas_flag_ANN-TMIN-PRBLST-T16FP20","comp_flag_ANN-TMIN-PRBLST-T16FP20","years_ANN-TMIN-PRBLST-T16FP20","ANN-TMIN-PRBLST-T16FP30","meas_flag_ANN-TMIN-PRBLST-T16FP30","comp_flag_ANN-TMIN-PRBLST-T16FP30","years_ANN-TMIN-PRBLST-T16FP30","ANN-TMIN-PRBLST-T16FP40","meas_flag_ANN-TMIN-PRBLST-T16FP40","comp_flag_ANN-TMIN-PRBLST-T16FP40","years_ANN-TMIN-PRBLST-T16FP40","ANN-TMIN-PRBLST-T16FP50","meas_flag_ANN-TMIN-PRBLST-T16FP50","comp_flag_ANN-TMIN-PRBLST-T16FP50","years_ANN-TMIN-PRBLST-T16FP50","ANN-TMIN-PRBLST-T16FP60","meas_flag_ANN-TMIN-PRBLST-T16FP60","comp_flag_ANN-TMIN-PRBLST-T16FP60","years_ANN-TMIN-PRBLST-T16FP60","ANN-TMIN-PRBLST-T16FP70","meas_flag_ANN-TMIN-PRBLST-T16FP70","comp_flag_ANN-TMIN-PRBLST-T16FP70","years_ANN-TMIN-PRBLST-T16FP70","ANN-TMIN-PRBLST-T16FP80","meas_flag_ANN-TMIN-PRBLST-T16FP80","comp_flag_ANN-TMIN-PRBLST-T16FP80","years_ANN-TMIN-PRBLST-T16FP80","ANN-TMIN-PRBLST-T16FP90","meas_flag_ANN-TMIN-PRBLST-T16FP90","comp_flag_ANN-TMIN-PRBLST-T16FP90","years_ANN-TMIN-PRBLST-T16FP90","ANN-TMIN-PRBLST-T20FP10","meas_flag_ANN-TMIN-PRBLST-T20FP10","comp_flag_ANN-TMIN-PRBLST-T20FP10","years_ANN-TMIN-PRBLST-T20FP10","ANN-TMIN-PRBLST-T20FP20","meas_flag_ANN-TMIN-PRBLST-T20FP20","comp_flag_ANN-TMIN-PRBLST-T20FP20","years_ANN-TMIN-PRBLST-T20FP20","ANN-TMIN-PRBLST-T20FP30","meas_flag_ANN-TMIN-PRBLST-T20FP30","comp_flag_ANN-TMIN-PRBLST-T20FP30","years_ANN-TMIN-PRBLST-T20FP30","ANN-TMIN-PRBLST-T20FP40","meas_flag_ANN-TMIN-PRBLST-T20FP40","comp_flag_ANN-TMIN-PRBLST-T20FP40","years_ANN-TMIN-PRBLST-T20FP40","ANN-TMIN-PRBLST-T20FP50","meas_flag_ANN-TMIN-PRBLST-T20FP50","comp_flag_ANN-TMIN-PRBLST-T20FP50","years_ANN-TMIN-PRBLST-T20FP50","ANN-TMIN-PRBLST-T20FP60","meas_flag_ANN-TMIN-PRBLST-T20FP60","comp_flag_ANN-TMIN-PRBLST-T20FP60","years_ANN-TMIN-PRBLST-T20FP60","ANN-TMIN-PRBLST-T20FP70","meas_flag_ANN-TMIN-PRBLST-T20FP70","comp_flag_ANN-TMIN-PRBLST-T20FP70","years_ANN-TMIN-PRBLST-T20FP70","ANN-TMIN-PRBLST-T20FP80","meas_flag_ANN-TMIN-PRBLST-T20FP80","comp_flag_ANN-TMIN-PRBLST-T20FP80","years_ANN-TMIN-PRBLST-T20FP80","ANN-TMIN-PRBLST-T20FP90","meas_flag_ANN-TMIN-PRBLST-T20FP90","comp_flag_ANN-TMIN-PRBLST-T20FP90","years_ANN-TMIN-PRBLST-T20FP90","ANN-TMIN-PRBLST-T24FP10","meas_flag_ANN-TMIN-PRBLST-T24FP10","comp_flag_ANN-TMIN-PRBLST-T24FP10","years_ANN-TMIN-PRBLST-T24FP10","ANN-TMIN-PRBLST-T24FP20","meas_flag_ANN-TMIN-PRBLST-T24FP20","comp_flag_ANN-TMIN-PRBLST-T24FP20","years_ANN-TMIN-PRBLST-T24FP20","ANN-TMIN-PRBLST-T24FP30","meas_flag_ANN-TMIN-PRBLST-T24FP30","comp_flag_ANN-TMIN-PRBLST-T24FP30","years_ANN-TMIN-PRBLST-T24FP30","ANN-TMIN-PRBLST-T24FP40","meas_flag_ANN-TMIN-PRBLST-T24FP40","comp_flag_ANN-TMIN-PRBLST-T24FP40","years_ANN-TMIN-PRBLST-T24FP40","ANN-TMIN-PRBLST-T24FP50","meas_flag_ANN-TMIN-PRBLST-T24FP50","comp_flag_ANN-TMIN-PRBLST-T24FP50","years_ANN-TMIN-PRBLST-T24FP50","ANN-TMIN-PRBLST-T24FP60","meas_flag_ANN-TMIN-PRBLST-T24FP60","comp_flag_ANN-TMIN-PRBLST-T24FP60","years_ANN-TMIN-PRBLST-T24FP60","ANN-TMIN-PRBLST-T24FP70","meas_flag_ANN-TMIN-PRBLST-T24FP70","comp_flag_ANN-TMIN-PRBLST-T24FP70","years_ANN-TMIN-PRBLST-T24FP70","ANN-TMIN-PRBLST-T24FP80","meas_flag_ANN-TMIN-PRBLST-T24FP80","comp_flag_ANN-TMIN-PRBLST-T24FP80","years_ANN-TMIN-PRBLST-T24FP80","ANN-TMIN-PRBLST-T24FP90","meas_flag_ANN-TMIN-PRBLST-T24FP90","comp_flag_ANN-TMIN-PRBLST-T24FP90","years_ANN-TMIN-PRBLST-T24FP90","ANN-TMIN-PRBLST-T28FP10","meas_flag_ANN-TMIN-PRBLST-T28FP10","comp_flag_ANN-TMIN-PRBLST-T28FP10","years_ANN-TMIN-PRBLST-T28FP10","ANN-TMIN-PRBLST-T28FP20","meas_flag_ANN-TMIN-PRBLST-T28FP20","comp_flag_ANN-TMIN-PRBLST-T28FP20","years_ANN-TMIN-PRBLST-T28FP20","ANN-TMIN-PRBLST-T28FP30","meas_flag_ANN-TMIN-PRBLST-T28FP30","comp_flag_ANN-TMIN-PRBLST-T28FP30","years_ANN-TMIN-PRBLST-T28FP30","ANN-TMIN-PRBLST-T28FP40","meas_flag_ANN-TMIN-PRBLST-T28FP40","comp_flag_ANN-TMIN-PRBLST-T28FP40","years_ANN-TMIN-PRBLST-T28FP40","ANN-TMIN-PRBLST-T28FP50","meas_flag_ANN-TMIN-PRBLST-T28FP50","comp_flag_ANN-TMIN-PRBLST-T28FP50","years_ANN-TMIN-PRBLST-T28FP50","ANN-TMIN-PRBLST-T28FP60","meas_flag_ANN-TMIN-PRBLST-T28FP60","comp_flag_ANN-TMIN-PRBLST-T28FP60","years_ANN-TMIN-PRBLST-T28FP60","ANN-TMIN-PRBLST-T28FP70","meas_flag_ANN-TMIN-PRBLST-T28FP70","comp_flag_ANN-TMIN-PRBLST-T28FP70","years_ANN-TMIN-PRBLST-T28FP70","ANN-TMIN-PRBLST-T28FP80","meas_flag_ANN-TMIN-PRBLST-T28FP80","comp_flag_ANN-TMIN-PRBLST-T28FP80","years_ANN-TMIN-PRBLST-T28FP80","ANN-TMIN-PRBLST-T28FP90","meas_flag_ANN-TMIN-PRBLST-T28FP90","comp_flag_ANN-TMIN-PRBLST-T28FP90","years_ANN-TMIN-PRBLST-T28FP90","ANN-TMIN-PRBLST-T32FP10","meas_flag_ANN-TMIN-PRBLST-T32FP10","comp_flag_ANN-TMIN-PRBLST-T32FP10","years_ANN-TMIN-PRBLST-T32FP10","ANN-TMIN-PRBLST-T32FP20","meas_flag_ANN-TMIN-PRBLST-T32FP20","comp_flag_ANN-TMIN-PRBLST-T32FP20","years_ANN-TMIN-PRBLST-T32FP20","ANN-TMIN-PRBLST-T32FP30","meas_flag_ANN-TMIN-PRBLST-T32FP30","comp_flag_ANN-TMIN-PRBLST-T32FP30","years_ANN-TMIN-PRBLST-T32FP30","ANN-TMIN-PRBLST-T32FP40","meas_flag_ANN-TMIN-PRBLST-T32FP40","comp_flag_ANN-TMIN-PRBLST-T32FP40","years_ANN-TMIN-PRBLST-T32FP40","ANN-TMIN-PRBLST-T32FP50","meas_flag_ANN-TMIN-PRBLST-T32FP50","comp_flag_ANN-TMIN-PRBLST-T32FP50","years_ANN-TMIN-PRBLST-T32FP50","ANN-TMIN-PRBLST-T32FP60","meas_flag_ANN-TMIN-PRBLST-T32FP60","comp_flag_ANN-TMIN-PRBLST-T32FP60","years_ANN-TMIN-PRBLST-T32FP60","ANN-TMIN-PRBLST-T32FP70","meas_flag_ANN-TMIN-PRBLST-T32FP70","comp_flag_ANN-TMIN-PRBLST-T32FP70","years_ANN-TMIN-PRBLST-T32FP70","ANN-TMIN-PRBLST-T32FP80","meas_flag_ANN-TMIN-PRBLST-T32FP80","comp_flag_ANN-TMIN-PRBLST-T32FP80","years_ANN-TMIN-PRBLST-T32FP80","ANN-TMIN-PRBLST-T32FP90","meas_flag_ANN-TMIN-PRBLST-T32FP90","comp_flag_ANN-TMIN-PRBLST-T32FP90","years_ANN-TMIN-PRBLST-T32FP90","ANN-TMIN-PRBLST-T36FP10","meas_flag_ANN-TMIN-PRBLST-T36FP10","comp_flag_ANN-TMIN-PRBLST-T36FP10","years_ANN-TMIN-PRBLST-T36FP10","ANN-TMIN-PRBLST-T36FP20","meas_flag_ANN-TMIN-PRBLST-T36FP20","comp_flag_ANN-TMIN-PRBLST-T36FP20","years_ANN-TMIN-PRBLST-T36FP20","ANN-TMIN-PRBLST-T36FP30","meas_flag_ANN-TMIN-PRBLST-T36FP30","comp_flag_ANN-TMIN-PRBLST-T36FP30","years_ANN-TMIN-PRBLST-T36FP30","ANN-TMIN-PRBLST-T36FP40","meas_flag_ANN-TMIN-PRBLST-T36FP40","comp_flag_ANN-TMIN-PRBLST-T36FP40","years_ANN-TMIN-PRBLST-T36FP40","ANN-TMIN-PRBLST-T36FP50","meas_flag_ANN-TMIN-PRBLST-T36FP50","comp_flag_ANN-TMIN-PRBLST-T36FP50","years_ANN-TMIN-PRBLST-T36FP50","ANN-TMIN-PRBLST-T36FP60","meas_flag_ANN-TMIN-PRBLST-T36FP60","comp_flag_ANN-TMIN-PRBLST-T36FP60","years_ANN-TMIN-PRBLST-T36FP60","ANN-TMIN-PRBLST-T36FP70","meas_flag_ANN-TMIN-PRBLST-T36FP70","comp_flag_ANN-TMIN-PRBLST-T36FP70","years_ANN-TMIN-PRBLST-T36FP70","ANN-TMIN-PRBLST-T36FP80","meas_flag_ANN-TMIN-PRBLST-T36FP80","comp_flag_ANN-TMIN-PRBLST-T36FP80","years_ANN-TMIN-PRBLST-T36FP80","ANN-TMIN-PRBLST-T36FP90","meas_flag_ANN-TMIN-PRBLST-T36FP90","comp_flag_ANN-TMIN-PRBLST-T36FP90","years_ANN-TMIN-PRBLST-T36FP90","ANN-TMIN-PRBGSL-T16FP10","meas_flag_ANN-TMIN-PRBGSL-T16FP10","comp_flag_ANN-TMIN-PRBGSL-T16FP10","years_ANN-TMIN-PRBGSL-T16FP10","ANN-TMIN-PRBGSL-T16FP20","meas_flag_ANN-TMIN-PRBGSL-T16FP20","comp_flag_ANN-TMIN-PRBGSL-T16FP20","years_ANN-TMIN-PRBGSL-T16FP20","ANN-TMIN-PRBGSL-T16FP30","meas_flag_ANN-TMIN-PRBGSL-T16FP30","comp_flag_ANN-TMIN-PRBGSL-T16FP30","years_ANN-TMIN-PRBGSL-T16FP30","ANN-TMIN-PRBGSL-T16FP40","meas_flag_ANN-TMIN-PRBGSL-T16FP40","comp_flag_ANN-TMIN-PRBGSL-T16FP40","years_ANN-TMIN-PRBGSL-T16FP40","ANN-TMIN-PRBGSL-T16FP50","meas_flag_ANN-TMIN-PRBGSL-T16FP50","comp_flag_ANN-TMIN-PRBGSL-T16FP50","years_ANN-TMIN-PRBGSL-T16FP50","ANN-TMIN-PRBGSL-T16FP60","meas_flag_ANN-TMIN-PRBGSL-T16FP60","comp_flag_ANN-TMIN-PRBGSL-T16FP60","years_ANN-TMIN-PRBGSL-T16FP60","ANN-TMIN-PRBGSL-T16FP70","meas_flag_ANN-TMIN-PRBGSL-T16FP70","comp_flag_ANN-TMIN-PRBGSL-T16FP70","years_ANN-TMIN-PRBGSL-T16FP70","ANN-TMIN-PRBGSL-T16FP80","meas_flag_ANN-TMIN-PRBGSL-T16FP80","comp_flag_ANN-TMIN-PRBGSL-T16FP80","years_ANN-TMIN-PRBGSL-T16FP80","ANN-TMIN-PRBGSL-T16FP90","meas_flag_ANN-TMIN-PRBGSL-T16FP90","comp_flag_ANN-TMIN-PRBGSL-T16FP90","years_ANN-TMIN-PRBGSL-T16FP90","ANN-TMIN-PRBGSL-T20FP10","meas_flag_ANN-TMIN-PRBGSL-T20FP10","comp_flag_ANN-TMIN-PRBGSL-T20FP10","years_ANN-TMIN-PRBGSL-T20FP10","ANN-TMIN-PRBGSL-T20FP20","meas_flag_ANN-TMIN-PRBGSL-T20FP20","comp_flag_ANN-TMIN-PRBGSL-T20FP20","years_ANN-TMIN-PRBGSL-T20FP20","ANN-TMIN-PRBGSL-T20FP30","meas_flag_ANN-TMIN-PRBGSL-T20FP30","comp_flag_ANN-TMIN-PRBGSL-T20FP30","years_ANN-TMIN-PRBGSL-T20FP30","ANN-TMIN-PRBGSL-T20FP40","meas_flag_ANN-TMIN-PRBGSL-T20FP40","comp_flag_ANN-TMIN-PRBGSL-T20FP40","years_ANN-TMIN-PRBGSL-T20FP40","ANN-TMIN-PRBGSL-T20FP50","meas_flag_ANN-TMIN-PRBGSL-T20FP50","comp_flag_ANN-TMIN-PRBGSL-T20FP50","years_ANN-TMIN-PRBGSL-T20FP50","ANN-TMIN-PRBGSL-T20FP60","meas_flag_ANN-TMIN-PRBGSL-T20FP60","comp_flag_ANN-TMIN-PRBGSL-T20FP60","years_ANN-TMIN-PRBGSL-T20FP60","ANN-TMIN-PRBGSL-T20FP70","meas_flag_ANN-TMIN-PRBGSL-T20FP70","comp_flag_ANN-TMIN-PRBGSL-T20FP70","years_ANN-TMIN-PRBGSL-T20FP70","ANN-TMIN-PRBGSL-T20FP80","meas_flag_ANN-TMIN-PRBGSL-T20FP80","comp_flag_ANN-TMIN-PRBGSL-T20FP80","years_ANN-TMIN-PRBGSL-T20FP80","ANN-TMIN-PRBGSL-T20FP90","meas_flag_ANN-TMIN-PRBGSL-T20FP90","comp_flag_ANN-TMIN-PRBGSL-T20FP90","years_ANN-TMIN-PRBGSL-T20FP90","ANN-TMIN-PRBGSL-T24FP10","meas_flag_ANN-TMIN-PRBGSL-T24FP10","comp_flag_ANN-TMIN-PRBGSL-T24FP10","years_ANN-TMIN-PRBGSL-T24FP10","ANN-TMIN-PRBGSL-T24FP20","meas_flag_ANN-TMIN-PRBGSL-T24FP20","comp_flag_ANN-TMIN-PRBGSL-T24FP20","years_ANN-TMIN-PRBGSL-T24FP20","ANN-TMIN-PRBGSL-T24FP30","meas_flag_ANN-TMIN-PRBGSL-T24FP30","comp_flag_ANN-TMIN-PRBGSL-T24FP30","years_ANN-TMIN-PRBGSL-T24FP30","ANN-TMIN-PRBGSL-T24FP40","meas_flag_ANN-TMIN-PRBGSL-T24FP40","comp_flag_ANN-TMIN-PRBGSL-T24FP40","years_ANN-TMIN-PRBGSL-T24FP40","ANN-TMIN-PRBGSL-T24FP50","meas_flag_ANN-TMIN-PRBGSL-T24FP50","comp_flag_ANN-TMIN-PRBGSL-T24FP50","years_ANN-TMIN-PRBGSL-T24FP50","ANN-TMIN-PRBGSL-T24FP60","meas_flag_ANN-TMIN-PRBGSL-T24FP60","comp_flag_ANN-TMIN-PRBGSL-T24FP60","years_ANN-TMIN-PRBGSL-T24FP60","ANN-TMIN-PRBGSL-T24FP70","meas_flag_ANN-TMIN-PRBGSL-T24FP70","comp_flag_ANN-TMIN-PRBGSL-T24FP70","years_ANN-TMIN-PRBGSL-T24FP70","ANN-TMIN-PRBGSL-T24FP80","meas_flag_ANN-TMIN-PRBGSL-T24FP80","comp_flag_ANN-TMIN-PRBGSL-T24FP80","years_ANN-TMIN-PRBGSL-T24FP80","ANN-TMIN-PRBGSL-T24FP90","meas_flag_ANN-TMIN-PRBGSL-T24FP90","comp_flag_ANN-TMIN-PRBGSL-T24FP90","years_ANN-TMIN-PRBGSL-T24FP90","ANN-TMIN-PRBGSL-T28FP10","meas_flag_ANN-TMIN-PRBGSL-T28FP10","comp_flag_ANN-TMIN-PRBGSL-T28FP10","years_ANN-TMIN-PRBGSL-T28FP10","ANN-TMIN-PRBGSL-T28FP20","meas_flag_ANN-TMIN-PRBGSL-T28FP20","comp_flag_ANN-TMIN-PRBGSL-T28FP20","years_ANN-TMIN-PRBGSL-T28FP20","ANN-TMIN-PRBGSL-T28FP30","meas_flag_ANN-TMIN-PRBGSL-T28FP30","comp_flag_ANN-TMIN-PRBGSL-T28FP30","years_ANN-TMIN-PRBGSL-T28FP30","ANN-TMIN-PRBGSL-T28FP40","meas_flag_ANN-TMIN-PRBGSL-T28FP40","comp_flag_ANN-TMIN-PRBGSL-T28FP40","years_ANN-TMIN-PRBGSL-T28FP40","ANN-TMIN-PRBGSL-T28FP50","meas_flag_ANN-TMIN-PRBGSL-T28FP50","comp_flag_ANN-TMIN-PRBGSL-T28FP50","years_ANN-TMIN-PRBGSL-T28FP50","ANN-TMIN-PRBGSL-T28FP60","meas_flag_ANN-TMIN-PRBGSL-T28FP60","comp_flag_ANN-TMIN-PRBGSL-T28FP60","years_ANN-TMIN-PRBGSL-T28FP60","ANN-TMIN-PRBGSL-T28FP70","meas_flag_ANN-TMIN-PRBGSL-T28FP70","comp_flag_ANN-TMIN-PRBGSL-T28FP70","years_ANN-TMIN-PRBGSL-T28FP70","ANN-TMIN-PRBGSL-T28FP80","meas_flag_ANN-TMIN-PRBGSL-T28FP80","comp_flag_ANN-TMIN-PRBGSL-T28FP80","years_ANN-TMIN-PRBGSL-T28FP80","ANN-TMIN-PRBGSL-T28FP90","meas_flag_ANN-TMIN-PRBGSL-T28FP90","comp_flag_ANN-TMIN-PRBGSL-T28FP90","years_ANN-TMIN-PRBGSL-T28FP90","ANN-TMIN-PRBGSL-T32FP10","meas_flag_ANN-TMIN-PRBGSL-T32FP10","comp_flag_ANN-TMIN-PRBGSL-T32FP10","years_ANN-TMIN-PRBGSL-T32FP10","ANN-TMIN-PRBGSL-T32FP20","meas_flag_ANN-TMIN-PRBGSL-T32FP20","comp_flag_ANN-TMIN-PRBGSL-T32FP20","years_ANN-TMIN-PRBGSL-T32FP20","ANN-TMIN-PRBGSL-T32FP30","meas_flag_ANN-TMIN-PRBGSL-T32FP30","comp_flag_ANN-TMIN-PRBGSL-T32FP30","years_ANN-TMIN-PRBGSL-T32FP30","ANN-TMIN-PRBGSL-T32FP40","meas_flag_ANN-TMIN-PRBGSL-T32FP40","comp_flag_ANN-TMIN-PRBGSL-T32FP40","years_ANN-TMIN-PRBGSL-T32FP40","ANN-TMIN-PRBGSL-T32FP50","meas_flag_ANN-TMIN-PRBGSL-T32FP50","comp_flag_ANN-TMIN-PRBGSL-T32FP50","years_ANN-TMIN-PRBGSL-T32FP50","ANN-TMIN-PRBGSL-T32FP60","meas_flag_ANN-TMIN-PRBGSL-T32FP60","comp_flag_ANN-TMIN-PRBGSL-T32FP60","years_ANN-TMIN-PRBGSL-T32FP60","ANN-TMIN-PRBGSL-T32FP70","meas_flag_ANN-TMIN-PRBGSL-T32FP70","comp_flag_ANN-TMIN-PRBGSL-T32FP70","years_ANN-TMIN-PRBGSL-T32FP70","ANN-TMIN-PRBGSL-T32FP80","meas_flag_ANN-TMIN-PRBGSL-T32FP80","comp_flag_ANN-TMIN-PRBGSL-T32FP80","years_ANN-TMIN-PRBGSL-T32FP80","ANN-TMIN-PRBGSL-T32FP90","meas_flag_ANN-TMIN-PRBGSL-T32FP90","comp_flag_ANN-TMIN-PRBGSL-T32FP90","years_ANN-TMIN-PRBGSL-T32FP90","ANN-TMIN-PRBGSL-T36FP10","meas_flag_ANN-TMIN-PRBGSL-T36FP10","comp_flag_ANN-TMIN-PRBGSL-T36FP10","years_ANN-TMIN-PRBGSL-T36FP10","ANN-TMIN-PRBGSL-T36FP20","meas_flag_ANN-TMIN-PRBGSL-T36FP20","comp_flag_ANN-TMIN-PRBGSL-T36FP20","years_ANN-TMIN-PRBGSL-T36FP20","ANN-TMIN-PRBGSL-T36FP30","meas_flag_ANN-TMIN-PRBGSL-T36FP30","comp_flag_ANN-TMIN-PRBGSL-T36FP30","years_ANN-TMIN-PRBGSL-T36FP30","ANN-TMIN-PRBGSL-T36FP40","meas_flag_ANN-TMIN-PRBGSL-T36FP40","comp_flag_ANN-TMIN-PRBGSL-T36FP40","years_ANN-TMIN-PRBGSL-T36FP40","ANN-TMIN-PRBGSL-T36FP50","meas_flag_ANN-TMIN-PRBGSL-T36FP50","comp_flag_ANN-TMIN-PRBGSL-T36FP50","years_ANN-TMIN-PRBGSL-T36FP50","ANN-TMIN-PRBGSL-T36FP60","meas_flag_ANN-TMIN-PRBGSL-T36FP60","comp_flag_ANN-TMIN-PRBGSL-T36FP60","years_ANN-TMIN-PRBGSL-T36FP60","ANN-TMIN-PRBGSL-T36FP70","meas_flag_ANN-TMIN-PRBGSL-T36FP70","comp_flag_ANN-TMIN-PRBGSL-T36FP70","years_ANN-TMIN-PRBGSL-T36FP70","ANN-TMIN-PRBGSL-T36FP80","meas_flag_ANN-TMIN-PRBGSL-T36FP80","comp_flag_ANN-TMIN-PRBGSL-T36FP80","years_ANN-TMIN-PRBGSL-T36FP80","ANN-TMIN-PRBGSL-T36FP90","meas_flag_ANN-TMIN-PRBGSL-T36FP90","comp_flag_ANN-TMIN-PRBGSL-T36FP90","years_ANN-TMIN-PRBGSL-T36FP90","ANN-PRCP-NORMAL","meas_flag_ANN-PRCP-NORMAL","comp_flag_ANN-PRCP-NORMAL","years_ANN-PRCP-NORMAL","MAM-PRCP-NORMAL","meas_flag_MAM-PRCP-NORMAL","comp_flag_MAM-PRCP-NORMAL","years_MAM-PRCP-NORMAL","JJA-PRCP-NORMAL","meas_flag_JJA-PRCP-NORMAL","comp_flag_JJA-PRCP-NORMAL","years_JJA-PRCP-NORMAL","SON-PRCP-NORMAL","meas_flag_SON-PRCP-NORMAL","comp_flag_SON-PRCP-NORMAL","years_SON-PRCP-NORMAL","DJF-PRCP-NORMAL","meas_flag_DJF-PRCP-NORMAL","comp_flag_DJF-PRCP-NORMAL","years_DJF-PRCP-NORMAL","ANN-PRCP-AVGNDS-GE001HI","meas_flag_ANN-PRCP-AVGNDS-GE001HI","comp_flag_ANN-PRCP-AVGNDS-GE001HI","years_ANN-PRCP-AVGNDS-GE001HI","ANN-PRCP-AVGNDS-GE010HI","meas_flag_ANN-PRCP-AVGNDS-GE010HI","comp_flag_ANN-PRCP-AVGNDS-GE010HI","years_ANN-PRCP-AVGNDS-GE010HI","ANN-PRCP-AVGNDS-GE025HI","meas_flag_ANN-PRCP-AVGNDS-GE025HI","comp_flag_ANN-PRCP-AVGNDS-GE025HI","years_ANN-PRCP-AVGNDS-GE025HI","ANN-PRCP-AVGNDS-GE050HI","meas_flag_ANN-PRCP-AVGNDS-GE050HI","comp_flag_ANN-PRCP-AVGNDS-GE050HI","years_ANN-PRCP-AVGNDS-GE050HI","ANN-PRCP-AVGNDS-GE100HI","meas_flag_ANN-PRCP-AVGNDS-GE100HI","comp_flag_ANN-PRCP-AVGNDS-GE100HI","years_ANN-PRCP-AVGNDS-GE100HI","ANN-PRCP-AVGNDS-GE200HI","meas_flag_ANN-PRCP-AVGNDS-GE200HI","comp_flag_ANN-PRCP-AVGNDS-GE200HI","years_ANN-PRCP-AVGNDS-GE200HI","ANN-PRCP-AVGNDS-GE400HI","meas_flag_ANN-PRCP-AVGNDS-GE400HI","comp_flag_ANN-PRCP-AVGNDS-GE400HI","years_ANN-PRCP-AVGNDS-GE400HI","ANN-PRCP-AVGNDS-GE600HI","meas_flag_ANN-PRCP-AVGNDS-GE600HI","comp_flag_ANN-PRCP-AVGNDS-GE600HI","years_ANN-PRCP-AVGNDS-GE600HI","MAM-PRCP-AVGNDS-GE001HI","meas_flag_MAM-PRCP-AVGNDS-GE001HI","comp_flag_MAM-PRCP-AVGNDS-GE001HI","years_MAM-PRCP-AVGNDS-GE001HI","MAM-PRCP-AVGNDS-GE010HI","meas_flag_MAM-PRCP-AVGNDS-GE010HI","comp_flag_MAM-PRCP-AVGNDS-GE010HI","years_MAM-PRCP-AVGNDS-GE010HI","MAM-PRCP-AVGNDS-GE025HI","meas_flag_MAM-PRCP-AVGNDS-GE025HI","comp_flag_MAM-PRCP-AVGNDS-GE025HI","years_MAM-PRCP-AVGNDS-GE025HI","MAM-PRCP-AVGNDS-GE050HI","meas_flag_MAM-PRCP-AVGNDS-GE050HI","comp_flag_MAM-PRCP-AVGNDS-GE050HI","years_MAM-PRCP-AVGNDS-GE050HI","MAM-PRCP-AVGNDS-GE100HI","meas_flag_MAM-PRCP-AVGNDS-GE100HI","comp_flag_MAM-PRCP-AVGNDS-GE100HI","years_MAM-PRCP-AVGNDS-GE100HI","MAM-PRCP-AVGNDS-GE200HI","meas_flag_MAM-PRCP-AVGNDS-GE200HI","comp_flag_MAM-PRCP-AVGNDS-GE200HI","years_MAM-PRCP-AVGNDS-GE200HI","MAM-PRCP-AVGNDS-GE400HI","meas_flag_MAM-PRCP-AVGNDS-GE400HI","comp_flag_MAM-PRCP-AVGNDS-GE400HI","years_MAM-PRCP-AVGNDS-GE400HI","MAM-PRCP-AVGNDS-GE600HI","meas_flag_MAM-PRCP-AVGNDS-GE600HI","comp_flag_MAM-PRCP-AVGNDS-GE600HI","years_MAM-PRCP-AVGNDS-GE600HI","JJA-PRCP-AVGNDS-GE001HI","meas_flag_JJA-PRCP-AVGNDS-GE001HI","comp_flag_JJA-PRCP-AVGNDS-GE001HI","years_JJA-PRCP-AVGNDS-GE001HI","JJA-PRCP-AVGNDS-GE010HI","meas_flag_JJA-PRCP-AVGNDS-GE010HI","comp_flag_JJA-PRCP-AVGNDS-GE010HI","years_JJA-PRCP-AVGNDS-GE010HI","JJA-PRCP-AVGNDS-GE025HI","meas_flag_JJA-PRCP-AVGNDS-GE025HI","comp_flag_JJA-PRCP-AVGNDS-GE025HI","years_JJA-PRCP-AVGNDS-GE025HI","JJA-PRCP-AVGNDS-GE050HI","meas_flag_JJA-PRCP-AVGNDS-GE050HI","comp_flag_JJA-PRCP-AVGNDS-GE050HI","years_JJA-PRCP-AVGNDS-GE050HI","JJA-PRCP-AVGNDS-GE100HI","meas_flag_JJA-PRCP-AVGNDS-GE100HI","comp_flag_JJA-PRCP-AVGNDS-GE100HI","years_JJA-PRCP-AVGNDS-GE100HI","JJA-PRCP-AVGNDS-GE200HI","meas_flag_JJA-PRCP-AVGNDS-GE200HI","comp_flag_JJA-PRCP-AVGNDS-GE200HI","years_JJA-PRCP-AVGNDS-GE200HI","JJA-PRCP-AVGNDS-GE400HI","meas_flag_JJA-PRCP-AVGNDS-GE400HI","comp_flag_JJA-PRCP-AVGNDS-GE400HI","years_JJA-PRCP-AVGNDS-GE400HI","JJA-PRCP-AVGNDS-GE600HI","meas_flag_JJA-PRCP-AVGNDS-GE600HI","comp_flag_JJA-PRCP-AVGNDS-GE600HI","years_JJA-PRCP-AVGNDS-GE600HI","SON-PRCP-AVGNDS-GE001HI","meas_flag_SON-PRCP-AVGNDS-GE001HI","comp_flag_SON-PRCP-AVGNDS-GE001HI","years_SON-PRCP-AVGNDS-GE001HI","SON-PRCP-AVGNDS-GE010HI","meas_flag_SON-PRCP-AVGNDS-GE010HI","comp_flag_SON-PRCP-AVGNDS-GE010HI","years_SON-PRCP-AVGNDS-GE010HI","SON-PRCP-AVGNDS-GE025HI","meas_flag_SON-PRCP-AVGNDS-GE025HI","comp_flag_SON-PRCP-AVGNDS-GE025HI","years_SON-PRCP-AVGNDS-GE025HI","SON-PRCP-AVGNDS-GE050HI","meas_flag_SON-PRCP-AVGNDS-GE050HI","comp_flag_SON-PRCP-AVGNDS-GE050HI","years_SON-PRCP-AVGNDS-GE050HI","SON-PRCP-AVGNDS-GE100HI","meas_flag_SON-PRCP-AVGNDS-GE100HI","comp_flag_SON-PRCP-AVGNDS-GE100HI","years_SON-PRCP-AVGNDS-GE100HI","SON-PRCP-AVGNDS-GE200HI","meas_flag_SON-PRCP-AVGNDS-GE200HI","comp_flag_SON-PRCP-AVGNDS-GE200HI","years_SON-PRCP-AVGNDS-GE200HI","SON-PRCP-AVGNDS-GE400HI","meas_flag_SON-PRCP-AVGNDS-GE400HI","comp_flag_SON-PRCP-AVGNDS-GE400HI","years_SON-PRCP-AVGNDS-GE400HI","SON-PRCP-AVGNDS-GE600HI","meas_flag_SON-PRCP-AVGNDS-GE600HI","comp_flag_SON-PRCP-AVGNDS-GE600HI","years_SON-PRCP-AVGNDS-GE600HI","DJF-PRCP-AVGNDS-GE001HI","meas_flag_DJF-PRCP-AVGNDS-GE001HI","comp_flag_DJF-PRCP-AVGNDS-GE001HI","years_DJF-PRCP-AVGNDS-GE001HI","DJF-PRCP-AVGNDS-GE010HI","meas_flag_DJF-PRCP-AVGNDS-GE010HI","comp_flag_DJF-PRCP-AVGNDS-GE010HI","years_DJF-PRCP-AVGNDS-GE010HI","DJF-PRCP-AVGNDS-GE025HI","meas_flag_DJF-PRCP-AVGNDS-GE025HI","comp_flag_DJF-PRCP-AVGNDS-GE025HI","years_DJF-PRCP-AVGNDS-GE025HI","DJF-PRCP-AVGNDS-GE050HI","meas_flag_DJF-PRCP-AVGNDS-GE050HI","comp_flag_DJF-PRCP-AVGNDS-GE050HI","years_DJF-PRCP-AVGNDS-GE050HI","DJF-PRCP-AVGNDS-GE100HI","meas_flag_DJF-PRCP-AVGNDS-GE100HI","comp_flag_DJF-PRCP-AVGNDS-GE100HI","years_DJF-PRCP-AVGNDS-GE100HI","DJF-PRCP-AVGNDS-GE200HI","meas_flag_DJF-PRCP-AVGNDS-GE200HI","comp_flag_DJF-PRCP-AVGNDS-GE200HI","years_DJF-PRCP-AVGNDS-GE200HI","DJF-PRCP-AVGNDS-GE400HI","meas_flag_DJF-PRCP-AVGNDS-GE400HI","comp_flag_DJF-PRCP-AVGNDS-GE400HI","years_DJF-PRCP-AVGNDS-GE400HI","DJF-PRCP-AVGNDS-GE600HI","meas_flag_DJF-PRCP-AVGNDS-GE600HI","comp_flag_DJF-PRCP-AVGNDS-GE600HI","years_DJF-PRCP-AVGNDS-GE600HI"
"USC00415821"," 34.7261","-100.5372"," 637.0","MEMPHIS, TX US","99","99","99","    61.0"," ","S","29","    47.1"," ","S","29","    74.8"," ","S","29","    27.7"," ","S","29","     0.0"," ","S","29","     2.5"," ","S","29","    17.6"," ","S","29","    89.3"," ","S","29","   142.5"," ","S","29","   198.4"," ","S","29","   251.4"," ","S","29","   337.6"," ","S","29","   359.6"," ","S","29","   348.8"," ","S","29","   325.4"," ","S","29","   284.9"," ","S","29","   230.2"," ","S","29","   168.6"," ","S","29","   101.4"," ","S","29","    29.4"," ","S","29","     6.4"," ","S","29","  3498.8"," ","S","29","   375.4"," ","S","29","   699.9"," ","S","29","  1168.4"," ","S","29","  1790.6"," ","S","29","  2082.9"," ","S","29","  2569.4"," ","S","29","  2059.8"," ","S","29","  8061.4"," ","S","29","  6560.9"," ","S","29","  5204.4"," ","S","29","  4001.7"," ","S","29","  3563.9"," ","S","29","  2955.4"," ","S","29","  1306.7"," ","S","29","  1048.3"," ","S","29","  2059.8"," ","S","29","  8061.4"," ","S","29","  6560.9"," ","S","29","  5204.4"," ","S","29","  4001.7"," ","S","29","  3563.9"," ","S","29","  2955.4"," ","S","29","  1306.7"," ","S","29","  1048.3"," ","S","29","  3498.8"," ","S","29","  2569.4"," ","S","29","    60.5"," ","S","29","    46.1"," ","S","30","    74.9"," ","S","29","    28.8"," ","S","29","     0.0"," ","S","30","     0.1"," ","S","30","     1.3"," ","S","30","    10.7"," ","S","30","    28.6"," ","S","30","    58.1"," ","S","30","    82.8"," ","S","30","    91.5"," ","S","30","    91.8"," ","S","29","    90.8"," ","S","29","    87.6"," ","S","29","    79.4"," ","S","29","    63.4"," ","S","29","    38.0"," ","S","29","    13.9"," ","S","29","     1.9"," ","S","29","     0.3"," ","S","29","   658.5"," ","S","29","    26.0"," ","S","29","    60.4"," ","S","29","   124.0"," ","S","29","   233.2"," ","S","29","   293.9"," ","S","29","   407.8"," ","S","29","   249.3"," ","S","29","  1916.8"," ","S","29","  1491.2"," ","S","29","  1094.8"," ","S","29","   743.9"," ","S","29","   620.7"," ","S","29","   458.6"," ","S","29","   112.3"," ","S","29","    77.3"," ","S","29","   249.3"," ","S","29","  1916.8"," ","S","29","  1491.2"," ","S","29","  1094.8"," ","S","29","   743.9"," ","S","29","   620.7"," ","S","29","   458.6"," ","S","29","   112.3"," ","S","29","    77.3"," ","S","29","   658.5"," ","S","29","   407.8"," ","S","29","    81.0"," ","S","29","    67.7"," ","S","30","    94.3"," ","S","29","    26.6"," ","S","29","     0.0"," ","S","30","     0.0"," ","S","30","     0.0"," ","S","30","     0.0"," ","S","30","     0.0"," ","S","30","     0.1"," ","S","30","     5.6"," ","S","30","    65.8"," ","S","30","    92.0"," ","S","29","    92.0"," ","S","29","    92.0"," ","S","29","    92.0"," ","S","29","    91.6"," ","S","29","    87.9"," ","S","29","    71.1"," ","S","29","    25.6"," ","S","29","     0.0"," ","S","29","     1.7"," ","S","29","     0.0"," ","S","29","     0.0"," ","S","29","     0.0","X","S","29","     0.1"," ","S","29","     0.1"," ","S","29","     0.3"," ","S","29","  1473.9"," ","S","29","  3772.3"," ","S","29","  3312.3"," ","S","29","  2852.3"," ","S","29","  2392.5"," ","S","29","  2208.6"," ","S","29","  1932.6"," ","S","29","  1022.7"," ","S","29","   848.4"," ","S","29","  1473.9"," ","S","29","  3772.3"," ","S","29","  3312.3"," ","S","29","  2852.3"," ","S","29","  2392.5"," ","S","29","  2208.6"," ","S","29","  1932.6"," ","S","29","  1022.7"," ","S","29","   848.4"," ","S","29","     1.7"," ","S","29","     0.3"," ","S","29","    61.4"," ","S","29","    47.6"," ","S","30","    75.2"," ","S","29","    27.6"," ","S","29","     0.0"," ","S","30","     0.1"," ","S","30","     1.1"," ","S","30","    12.0"," ","S","30","    28.1"," ","S","30","    50.4"," ","S","30","    73.1"," ","S","30","    90.3"," ","S","30","    90.6"," ","S","29","    89.6"," ","S","29","    85.9"," ","S","29","    77.9"," ","S","29","    62.3"," ","S","29","    40.7"," ","S","29","    16.3"," ","S","29","     1.9"," ","S","29","     0.5"," ","S","29","   661.7"," ","S","29","    32.1"," ","S","29","    73.5"," ","S","29","   145.1"," ","S","29","   259.6"," ","S","29","   320.7"," ","S","29","   430.7"," ","S","29","   335.6"," ","S","29","  1980.9"," ","S","29","  1567.3"," ","S","29","  1184.0"," ","S","29","   843.5"," ","S","29","   722.6"," ","S","29","   559.7"," ","S","29","   171.5"," ","S","29","   122.6"," ","S","29","   335.6"," ","S","29","  1980.9"," ","S","29","  1567.3"," ","S","29","  1184.0"," ","S","29","   843.5"," ","S","29","   722.6"," ","S","29","   559.7"," ","S","29","   171.5"," ","S","29","   122.6"," ","S","29","   661.7"," ","S","29","   430.7"," ","S","29","    40.9"," ","S","29","    27.0"," ","S","29","    54.7"," ","S","29","    27.7"," ","S","29","     0.0"," ","S","29","     2.3"," ","S","29","    15.2"," ","S","29","    66.6"," ","S","29","    85.8"," ","S","29","    89.8"," ","S","29","    90.0"," ","S","29","    90.0"," ","S","29","    85.2"," ","S","29","    76.5"," ","S","29","    59.9"," ","S","29","    35.6"," ","S","29","    12.8"," ","S","29","     2.0"," ","S","29","     0.1"," ","S","29","     0.0"," ","S","29","     5.6"," ","S","29","  2176.9"," ","S","29","   317.3"," ","S","29","   566.0"," ","S","29","   899.4"," ","S","29","  1297.7"," ","S","29","  1468.1"," ","S","29","  1730.6"," ","S","29","     1.0"," ","S","29","   391.3"," ","S","29","   190.1"," ","S","29","    73.3"," ","S","29","    21.7"," ","S","29","    12.1"," ","S","29","     4.5"," ","S","29","     0.1"," ","S","29","     0.0"," ","S","29","     1.0"," ","S","29","   391.3"," ","S","29","   190.1"," ","S","29","    73.3"," ","S","29","    21.7"," ","S","29","    12.1"," ","S","29","     4.5"," ","S","29","     0.1"," ","S","29","     0.0"," ","S","29","  2176.9"," ","S","29","  1730.6"," ","S","29","    97.5"," ","S","30","   100.0"," ","S","30","   100.0"," ","S","30","   100.0"," ","S","30","   100.0"," ","S","30","   100.0"," ","S","30","   11/24"," ","S","30","   11/30"," ","S","30","   12/04"," ","S","30","   12/09"," ","S","30","   12/15"," ","S","30","   12/20"," ","S","30","   12/27"," ","S","30","   01/04"," ","S","30","   01/13"," ","S","30","   11/15"," ","S","30","   11/21"," ","S","30","   11/25"," ","S","30","   11/29"," ","S","30","   12/02"," ","S","30","   12/06"," ","S","30","   12/10"," ","S","30","   12/15"," ","S","30","   12/25"," ","S","30","   11/06"," ","S","30","   11/12"," ","S","30","   11/16"," ","S","30","   11/19"," ","S","30","   11/22"," ","S","30","   11/25"," ","S","30","   11/29"," ","S","30","   12/03"," ","S","30","   12/08"," ","S","30","   10/28"," ","S","30","   11/02"," ","S","30","   11/05"," ","S","30","   11/09"," ","S","30","   11/12"," ","S","30","   11/16"," ","S","30","   11/19"," ","S","30","   11/23"," ","S","30","   11/28"," ","S","30","   10/21"," ","S","30","   10/26"," ","S","30","   10/30"," ","S","30","   11/01"," ","S","30","   11/03"," ","S","30","   11/06"," ","S","30","   11/08"," ","S","30","   11/12"," ","S","30","   11/17"," ","S","30","   10/13"," ","S","30","   10/18"," ","S","30","   10/21"," ","S","30","   10/23"," ","S","30","   10/26"," ","S","30","   10/28"," ","S","30","   10/31"," ","S","30","   11/03"," ","S","30","   11/06"," ","S","30","   03/04"," ","S","30","   02/28"," ","S","30","   02/21"," ","S","30","   02/15"," ","S","30","   02/11"," ","S","30","   02/04"," ","S","30","   01/30"," ","S","30","   01/22"," ","S","30","   01/08"," ","S","30","   03/15"," ","S","30","   03/09"," ","S","30","   03/04"," ","S","30","   03/01"," ","S","30","   02/27"," ","S","30","   02/22"," ","S","30","   02/17"," ","S","30","   02/12"," ","S","30","   02/02"," ","S","30","   03/25"," ","S","30","   03/19"," ","S","30","   03/14"," ","S","30","   03/10"," ","S","30","   03/07"," ","S","30","   03/03"," ","S","30","   02/28"," ","S","30","   02/25"," ","S","30","   02/19"," ","S","30","   04/06"," ","S","30","   04/01"," ","S","30","   03/27"," ","S","30","   03/22"," ","S","30","   03/17"," ","S","30","   03/13"," ","S","30","   03/10"," ","S","30","   03/06"," ","S","30","   03/02"," ","S","30","   04/18"," ","S","30","   04/12"," ","S","30","   04/07"," ","S","30","   04/04"," ","S","30","   04/01"," ","S","30","   03/30"," ","S","30","   03/24"," ","S","30","   03/19"," ","S","30","   03/13"," ","S","30","   04/28"," ","S","30","   04/22"," ","S","30","   04/18"," ","S","30","   04/14"," ","S","30","   04/11"," ","S","30","   04/08"," ","S","30","   04/04"," ","S","30","   04/02"," ","S","30","   03/28"," ","S","30","   346.0"," ","S","30","   334.0"," ","S","30","   325.0"," ","S","30","   317.0"," ","S","30","   309.0"," ","S","30","   303.0"," ","S","30","   295.0"," ","S","30","   287.0"," ","S","30","   275.0"," ","S","30","   313.0"," ","S","30","   301.0"," ","S","30","   293.0"," ","S","30","   285.0"," ","S","30","   280.0"," ","S","30","   275.0"," ","S","30","   269.0"," ","S","30","   262.0"," ","S","30","   252.0"," ","S","30","   283.0"," ","S","30","   275.0"," ","S","30","   269.0"," ","S","30","   264.0"," ","S","30","   259.0"," ","S","30","   254.0"," ","S","30","   248.0"," ","S","30","   243.0"," ","S","30","   234.0"," ","S","30","   261.0"," ","S","30","   253.0"," ","S","30","   248.0"," ","S","30","   243.0"," ","S","30","   238.0"," ","S","30","   232.0"," ","S","30","   226.0"," ","S","30","   220.0"," ","S","30","   212.0"," ","S","30","   237.0"," ","S","30","   229.0"," ","S","30","   224.0"," ","S","30","   219.0"," ","S","30","   215.0"," ","S","30","   211.0"," ","S","30","   207.0"," ","S","30","   202.0"," ","S","30","   194.0"," ","S","30","   214.0"," ","S","30","   209.0"," ","S","30","   204.0"," ","S","30","   201.0"," ","S","30","   197.0"," ","S","30","   192.0"," ","S","30","   189.0"," ","S","30","   184.0"," ","S","30","   176.0"," ","S","30","   22.28"," ","S","27","    6.87"," ","S","28","    7.73"," ","S","29","    5.23"," ","S","28","    2.45"," ","S","27","    50.4"," ","S","29","    38.7"," ","S","29","    26.0"," ","S","29","    15.1"," ","S","29","     6.2"," ","S","29","     1.0"," ","S","29","     0.0","X","S","29","     0.0"," ","S","29","    15.0"," ","S","29","    11.3"," ","S","29","     8.1"," ","S","29","     4.6"," ","S","29","     2.1"," ","S","29","     0.3"," ","S","29","     0.0","X","S","29","     0.0"," ","S","29","    15.6"," ","S","30","    12.5"," ","S","30","     8.4"," ","S","30","     5.2"," ","S","30","     2.1"," ","S","30","     0.5"," ","S","30","     0.0"," ","S","30","     0.0"," ","S","30","    11.8"," ","S","30","     9.5"," ","S","30","     6.3"," ","S","30","     3.5"," ","S","30","     1.6"," ","S","30","     0.2"," ","S","30","     0.0","X","S","30","     0.0"," ","S","30","     8.0"," ","S","30","     5.4"," ","S","30","     3.2"," ","S","30","     1.8"," ","S","30","     0.4"," ","S","30","     0.0"," ","S","30","     0.0"," ","S","30","     0.0"," ","S","30"
